[1, 1, 1, 1, 1, 1, 0, 1, 1, 1, 1, 1, -1, -1, -1, 1, -1, -1, 1, -1, -1, -1, 1, 1, 1, -1, 1, 1, 1, 0.04, 6, 0, 0, 0, 0, 7, 3, 19.0, 0, 0, 13, 24, 0, 1]
[1, -1, 1, 1, 1, 1, -1, 1, 1, -1, 1, 1, -1, -1, 0, 1, -1, -1, 1, -1, -1, -1, 1, 1, 1, -1, 1, -1, 1, 0.04, 27, 2, 0, 1, 1, 8, 1, 7.308, 0, 0, 12, 166, 0, 1]
[1, -1, 1, 1, 1, 1, 0, -1, 1, -1, 1, 1, -1, -1, -1, -1, -1, -1, -1, -1, -1, -1, -1, 1, 1, -1, 1, -1, 1, 0.69, 18, 0, 0, 0, 0, 9, 2, 63.0, 0, 0, 15, 81, 0, 1]
[1, 1, 1, 1, 1, 1, 0, 1, 1, 1, 1, 1, -1, -1, 0, 0, -1, -1, 1, -1, -1, -1, 1, 1, 1, -1, 1, -1, 1, 0.04, 6, 0, 0, 0, 0, 7, 3, 22.0, 0, 0, 16, 27, 0, 1]
[1, 1, 1, 1, 1, 1, -1, 1, 1, -1, 1, 1, -1, -1, 0, 1, -1, -1, 1, -1, -1, -1, 1, 1, 1, -1, 1, -1, 1, 0.44, 9, 0, 0, 0, 0, 6, 2, 31.0, 0, 0, 12, 39, 0, 1]
[1, 0, 1, 1, 1, 1, -1, 1, 1, -1, 1, 1, -1, -1, 0, 1, -1, -1, 1, -1, -1, -1, 1, 1, 1, -1, 1, -1, 1, 0.67, 12, 0, 0, 0, 0, 10, 2, 56.0, 0, 0, 12, 67, 0, 1]
[1, 1, 1, 1, 1, 1, 0, 1, 1, -1, 1, 1, -1, -1, 1, 1, -1, -1, 1, -1, -1, 1, 1, 1, 1, -1, 1, 1, 1, 0.29, 7, 0, 0, 0, 0, 7, 3, 25.0, 0, 0, 12, 31, 0, 1]
[1, 1, 1, 1, 1, 1, -1, 1, 1, -1, 1, 1, -1, -1, 0, 1, -1, -1, 1, -1, -1, -1, 1, 1, 1, -1, 1, -1, 1, 0.54, 10, 0, 0, 0, 0, 9, 2, 39.0, 0, 0, 12, 48, 0, 1]
[1, 1, 1, 1, 1, 1, 0, 1, 1, -1, 1, 1, -1, -1, 0, 0, -1, -1, 1, -1, -1, -1, 1, 1, 1, -1, 1, -1, 1, 0.04, 6, 0, 0, 0, 0, 6, 3, 18.0, 0, 0, 12, 23, 0, 1]
[1, 1, 1, 1, 1, 1, 0, 1, 1, 1, 1, 1, -1, -1, 0, 1, -1, -1, 1, -1, -1, -1, 1, 1, 1, -1, 1, -1, 1, 0.03, 6, 0, 0, 0, 0, 9, 3, 24.0, 0, 0, 18, 29, 0, 1]
[1, 1, 1, -1, 1, 1, -1, 1, 1, 1, 1, 1, 0, -1, 0, 1, -1, -1, 1, -1, -1, -1, 1, 1, 1, -1, 1, 1, 1, 0.58, 12, 0, 0, 0, 0, 6, 1, 23.0, 0, 0, 12, 53, 0, 1]
[1, 0, 1, 1, 1, 1, 0, 1, 1, -1, 1, 1, -1, -1, 1, 1, -1, -1, 1, -1, -1, -1, 1, 1, 1, -1, 1, 0, 1, 0.09, 14, 0, 0, 1, 1, 6, 2, 5.0, 0, 0, 13, 54, 0, 1]
[1, 1, 1, 1, 1, 1, 0, 1, 1, -1, 1, 1, 0, -1, 0, 1, -1, -1, 1, -1, -1, -1, 1, 1, 1, -1, 1, 1, 1, 0.04, 6, 0, 0, 0, 0, 10, 3, 22.0, 0, 0, 16, 27, 0, 1]
[1, 1, 1, 1, 1, 1, 1, 1, 1, 1, 1, 1, -1, -1, 1, 0, -1, -1, 1, -1, -1, -1, 1, 1, 1, -1, 1, -1, 1, 0.06, 5, 0, 0, 0, 0, 5, 3, 14.0, 0, 0, 8, 18, 0, 1]
[1, -1, 1, 1, 1, 1, -1, 1, 1, -1, 1, 1, 0, -1, 0, 1, -1, -1, 1, -1, -1, -1, 1, 1, 1, -1, 1, 0, 1, 0.17, 26, 2, 1, 1, 1, 21, 1, 13.1, 0, 0, 17, 172, 0, 1]
[1, 0, 1, 1, 1, 1, 0, 1, 1, -1, 1, 1, -1, -1, 1, 1, -1, -1, 1, -1, -1, -1, 1, 1, 1, -1, 1, 0, 1, 0.09, 14, 0, 0, 1, 1, 6, 2, 5.0, 0, 0, 13, 54, 0, 1]
[1, 1, 1, 1, 1, 1, -1, 1, 1, 1, 1, 1, 0, -1, -1, 0, -1, -1, 1, -1, -1, -1, 1, 1, 1, -1, 1, 1, 1, 0.68, 9, 0, 0, 0, 0, 8, 3, 39.0, 0, 0, 6, 47, 0, 1]
[1, 1, 1, 1, 1, 1, 0, 1, 1, 1, 1, 1, -1, -1, 0, 1, -1, -1, 1, -1, -1, -1, 1, 1, 1, -1, 1, -1, 1, 0.23, 7, 0, 0, 0, 0, 7, 3, 24.0, 0, 0, 13, 30, 0, 1]
[1, 1, 1, 1, 1, 1, 0, 1, 1, 1, 1, 1, -1, -1, 1, 1, -1, -1, 1, -1, -1, -1, 1, 1, 1, -1, 1, -1, 1, 0.04, 6, 0, 0, 0, 0, 8, 3, 20.0, 0, 0, 14, 25, 0, 1]
[1, 1, 1, 1, 1, 1, 0, 1, 1, 1, 1, 1, -1, -1, 0, 0, -1, -1, 1, -1, -1, -1, 1, 1, 1, -1, 1, -1, 1, 0.04, 6, 0, 0, 0, 0, 7, 3, 22.0, 0, 0, 16, 27, 0, 1]
[1, 1, 1, 1, 1, 1, 0, 1, 1, 1, 1, 1, 0, -1, -1, 0, -1, -1, 1, -1, -1, -1, 1, 1, 1, -1, 1, -1, 1, 0.05, 6, 0, 0, 0, 0, 5, 3, 17.0, 0, 0, 11, 22, 0, 1]
[1, 1, -1, 1, 1, 1, 0, -1, 1, -1, 1, 1, 0, -1, 0, 1, -1, -1, 1, -1, -1, -1, 1, 1, 1, -1, 1, 0, 1, 0.22, 8, 0, 0, 0, 0, 9, 2, 25.0, 0, 0, 15, 32, 0, 1]
[1, 1, 1, 1, 1, 1, 0, 1, 1, 1, 1, 1, -1, -1, -1, 1, -1, -1, 1, -1, -1, -1, 1, 1, 1, -1, 1, -1, 1, 0.29, 9, 0, 0, 1, 1, 6, 3, 32.0, 0, 0, 13, 41, 0, 1]
[1, 1, 1, 1, 1, 1, 1, 1, 1, 1, 1, 1, -1, -1, -1, 1, -1, -1, 1, -1, -1, -1, 1, 1, 1, -1, 1, -1, 1, 0.05, 5, 0, 0, 0, 0, 9, 3, 18.0, 0, 0, 12, 22, 0, 1]
[1, 1, 1, 1, 1, 1, 0, 1, 1, -1, 1, 1, -1, -1, 0, 0, -1, -1, 1, -1, -1, -1, 1, 1, 1, -1, 1, -1, 1, 0.38, 8, 0, 0, 0, 0, 9, 2, 10.0, 0, 0, 14, 39, 0, 1]
[1, 1, 1, 1, 1, 1, 0, 1, 1, -1, 1, 1, -1, -1, 0, 1, -1, -1, 0, -1, -1, -1, 1, 1, 1, -1, 1, -1, 1, 0.04, 6, 0, 0, 0, 0, 6, 3, 19.0, 0, 0, 13, 24, 0, 1]
[1, 1, 1, 1, 1, 1, 0, 1, 1, -1, 1, 1, -1, -1, -1, 1, -1, -1, 1, -1, -1, -1, 1, 1, 1, -1, 1, -1, 1, 0.21, 8, 0, 0, 0, 0, 10, 2, 26.0, 0, 0, 16, 33, 0, 1]
[1, 1, 1, -1, 1, 1, -1, 1, 1, 1, 1, 1, 0, -1, 0, 1, -1, -1, 1, -1, -1, -1, 1, 1, 1, -1, 1, 1, 1, 0.58, 12, 0, 0, 0, 0, 6, 1, 23.0, 0, 0, 12, 53, 0, 1]
[1, 1, 1, 1, 1, 1, 0, 1, 1, -1, 1, 1, -1, -1, 1, 1, -1, -1, 0, -1, -1, -1, 1, 1, 1, -1, 1, -1, 1, 0.38, 9, 0, 0, 0, 0, 8, 1, 28.0, 0, 0, 13, 37, 0, 1]
[1, 1, 1, 1, 1, 1, 0, 1, 1, -1, 1, 1, -1, -1, 1, 1, -1, -1, 1, -1, -1, -1, 1, 1, 1, -1, 1, -1, 1, 0.04, 6, 0, 0, 0, 0, 8, 3, 20.0, 0, 0, 14, 25, 0, 1]
[1, 1, 1, 1, 1, 1, 0, 1, 1, -1, 1, 1, -1, -1, -1, 0, -1, -1, 1, -1, -1, -1, 1, 1, 1, -1, 1, -1, 1, 0.23, 8, 0, 0, 0, 0, 7, 2, 7.0, 0, 0, 13, 30, 0, 1]
[1, 1, 1, 1, 1, 1, 0, 1, 1, -1, 1, 1, -1, -1, 0, 1, -1, -1, 0, -1, -1, -1, 1, 1, 1, -1, 1, -1, 1, 0.16, 12, 0, 0, 1, 1, 8, 1, 35.0, 0, 0, 14, 49, 0, 1]
[1, 0, 1, 1, 1, -1, 0, 1, -1, 1, 1, 1, -1, -1, -1, 1, -1, -1, 1, -1, -1, -1, 1, -1, -1, -1, 1, 0, 1, 0.24, 12, 0, 0, 1, 1, 11, 2, 56.0, 0, 0, 21, 68, 1, 1]
[1, 1, 1, 1, 1, 1, 0, 1, 1, -1, 1, 1, 0, -1, 0, 1, -1, -1, 1, -1, -1, -1, 1, 1, 1, -1, 1, 1, 1, 0.05, 6, 0, 0, 0, 0, 5, 3, 17.0, 0, 0, 11, 22, 0, 1]
[1, 1, 1, 1, 1, 1, 0, 1, 1, -1, 1, 1, -1, -1, 1, 1, -1, -1, 0, -1, -1, -1, 1, 1, 1, -1, 1, 1, 1, 0.03, 6, 0, 0, 0, 0, 9, 3, 24.0, 0, 0, 18, 29, 0, 1]
[1, 1, 1, 1, 1, 1, 0, 1, 1, -1, 1, 1, -1, -1, 0, 1, -1, -1, 0, -1, -1, -1, 1, 1, 1, -1, 1, -1, 1, 0.04, 6, 0, 0, 0, 0, 6, 3, 20.0, 0, 0, 14, 25, 0, 1]
[1, 1, 1, 1, 1, 1, 0, 1, 1, -1, 1, 1, -1, -1, 0, 0, -1, -1, 1, -1, -1, -1, 1, 1, 1, -1, 1, -1, 1, 0.04, 6, 0, 1, 0, 0, 6, 3, 18.0, 0, 0, 12, 23, 0, 1]
[1, 1, 1, 1, 1, 1, 0, 1, 1, 1, 1, 1, -1, -1, 1, 1, -1, -1, 1, -1, -1, -1, 1, 1, 1, -1, 1, -1, 1, 0.04, 6, 0, 0, 0, 0, 8, 3, 23.0, 0, 0, 17, 28, 0, 1]
[1, 1, 1, 1, 1, 1, -1, 1, 1, 1, 1, 1, -1, -1, 1, 1, -1, -1, 1, -1, -1, -1, 1, 1, 1, -1, 1, -1, 1, 0.04, 7, 0, 0, 0, 0, 5, 2, 17.0, 0, 0, 11, 23, 0, 1]
[1, 1, 1, 1, 1, 1, 1, 1, 1, 1, 1, 1, -1, -1, -1, 1, -1, -1, 1, -1, -1, -1, 1, 1, 1, -1, 1, -1, 1, 0.07, 5, 0, 0, 0, 0, 5, 2, 11.0, 0, 0, 5, 15, 0, 1]
[1, 1, 1, 1, 1, 1, 1, 1, 1, 1, 1, 1, -1, -1, -1, 1, -1, -1, 1, -1, -1, -1, 1, 1, 1, -1, 1, -1, 1, 0.05, 5, 0, 0, 0, 0, 8, 3, 17.0, 0, 0, 11, 21, 0, 1]
[1, 1, 1, 1, 1, 1, 1, 1, 1, -1, 1, 1, -1, -1, 1, 0, -1, -1, 1, -1, -1, -1, 1, 1, 1, -1, 1, -1, 1, 0.05, 5, 0, 0, 0, 0, 6, 3, 15.0, 0, 0, 9, 19, 0, 1]
[1, 1, 1, 1, 1, 1, 0, 1, 1, -1, 1, 1, 0, -1, 0, 1, -1, -1, 1, -1, -1, -1, 1, 1, 1, -1, 1, 1, 1, 0.04, 6, 0, 0, 0, 0, 11, 3, 23.0, 0, 0, 17, 28, 0, 1]
[1, 1, 1, 1, 1, 1, 0, 1, 1, -1, 1, 1, -1, -1, 1, 0, -1, -1, 1, -1, -1, -1, 1, 1, 1, -1, 1, -1, 1, 0.04, 6, 0, 0, 0, 0, 8, 3, 20.0, 0, 0, 14, 25, 0, 1]
[1, 0, 1, 1, 1, 1, 0, 1, 1, -1, 1, 1, -1, -1, 0, 0, -1, -1, 1, -1, -1, -1, 1, 1, 1, -1, 1, -1, 1, 0.64, 13, 0, 0, 0, 0, 9, 1, 6.286, 0, 0, 14, 66, 0, 1]
[1, 1, 1, 1, 1, 1, 0, 1, 1, 1, 1, 1, -1, -1, 0, 0, -1, -1, 1, -1, -1, -1, 1, 1, 1, -1, 1, -1, 1, 0.24, 7, 0, 0, 0, 0, 5, 2, 19.0, 0, 0, 9, 25, 0, 1]
[1, 1, 1, 1, 1, 1, 1, -1, 1, -1, 1, 1, -1, -1, -1, -1, -1, -1, -1, -1, -1, -1, -1, 1, 1, -1, 1, -1, 1, 0.05, 5, 0, 0, 0, 0, 7, 3, 16.0, 0, 0, 10, 20, 0, 1]
[1, 1, 1, 1, 1, 1, 0, 1, 1, -1, 1, 1, -1, -1, 1, 1, -1, -1, 1, -1, -1, -1, 1, 1, 1, -1, 1, -1, 1, 0.04, 6, 0, 0, 0, 0, 6, 3, 18.0, 0, 0, 12, 23, 0, 1]
[1, -1, 1, 1, 1, 1, -1, 1, 1, -1, 1, 1, 0, -1, 0, 1, -1, -1, 1, -1, -1, -1, 1, 1, 1, -1, 1, 0, 1, 0.1, 26, 2, 0, 1, 1, 19, 1, 3.911, 0, 0, 17, 284, 0, 1]
[1, -1, 1, 1, 1, 1, -1, 1, 1, -1, 1, 1, 0, -1, 1, 1, -1, -1, 1, -1, -1, -1, 1, 1, 1, -1, 1, -1, 1, 0.04, 51, 0, 0, 1, 1, 13, 1, 9.733, 0, 0, 12, 271, 0, 1]
[1, 1, 1, 1, 1, 1, 0, 1, 1, -1, 1, 1, -1, -1, 0, 0, -1, -1, 1, -1, -1, -1, 1, 1, 1, -1, 1, -1, 1, 0.05, 6, 0, 0, 0, 0, 5, 3, 17.0, 0, 0, 11, 22, 0, 1]
[1, 1, 1, 1, 1, 1, 1, 1, 1, -1, 1, 1, -1, -1, -1, 1, -1, -1, 1, -1, -1, -1, 1, 1, 1, -1, 1, -1, 1, 0.05, 5, 0, 0, 0, 0, 6, 3, 15.0, 0, 0, 9, 19, 0, 1]
[1, 1, 1, 1, 1, 1, 0, 1, 1, -1, 1, 1, -1, -1, 1, 0, -1, -1, 1, -1, -1, -1, 1, 1, 1, -1, 1, -1, 1, 0.05, 6, 0, 0, 0, 0, 5, 3, 15.0, 0, 0, 9, 20, 0, 1]
[1, 1, 1, 1, 1, 1, 0, 1, 1, 1, 1, 1, -1, -1, 1, 0, -1, -1, 1, -1, -1, -1, 1, 1, 1, -1, 1, -1, 1, 0.04, 6, 0, 0, 0, 0, 7, 3, 19.0, 0, 0, 13, 24, 0, 1]
[1, 1, 1, 1, 1, 1, 0, 1, -1, 1, 1, 1, -1, -1, 0, 0, -1, -1, 1, -1, -1, -1, 1, -1, -1, -1, 1, -1, 1, 0.05, 6, 0, 0, 0, 0, 5, 3, 15.0, 0, 0, 9, 20, 0, 1]
[1, 1, 1, 1, 1, 1, 0, 1, 1, 1, 1, 1, -1, -1, -1, 1, -1, -1, 1, -1, -1, -1, 1, 1, 1, -1, 1, -1, 1, 0.12, 6, 0, 0, 0, 0, 6, 2, 20.0, 0, 0, 12, 25, 0, 1]
[1, 0, 1, 1, 1, 1, 0, 1, 1, -1, 1, 1, -1, -1, 0, 0, -1, -1, 1, -1, -1, -1, 1, 1, 1, -1, 1, -1, 1, 0.61, 11, 0, 0, 0, 0, 9, 1, 9.2, 0, 0, 14, 62, 0, 1]
[1, 1, 1, 1, 1, 1, 1, 1, 1, -1, 1, 1, -1, -1, 0, 1, -1, -1, 0, -1, -1, 1, 1, 1, 1, -1, 1, -1, 1, 0.04, 5, 0, 0, 0, 0, 10, 3, 19.0, 0, 0, 13, 23, 0, 1]
[1, 1, 1, 1, 1, 1, -1, 1, -1, -1, 1, 1, -1, -1, 0, 0, -1, -1, 1, -1, -1, -1, 1, -1, -1, -1, 1, -1, 1, 0.04, 7, 0, 0, 0, 0, 6, 2, 19.0, 0, 0, 13, 25, 0, 1]
[1, 1, 1, 1, 1, 1, 0, 1, 1, -1, 1, 1, -1, -1, 0, 1, -1, -1, 1, -1, -1, -1, 1, 1, 1, -1, 1, -1, 1, 0.27, 7, 0, 0, 0, 0, 6, 3, 24.0, 0, 0, 12, 30, 0, 1]
[1, 1, 1, 1, 1, 1, 0, 1, -1, 1, 1, 1, -1, -1, 0, 1, -1, -1, 1, -1, -1, -1, 1, -1, -1, -1, 1, -1, 1, 0.05, 6, 0, 0, 0, 0, 5, 3, 15.0, 0, 0, 9, 20, 0, 1]
[1, 1, 1, 1, 1, 1, 0, 1, 1, 1, 1, 1, -1, -1, 0, 1, -1, -1, 1, -1, -1, -1, 1, 1, 1, -1, 1, -1, 1, 0.22, 7, 0, 0, 0, 0, 7, 3, 26.0, 0, 0, 15, 32, 0, 1]
[1, 1, -1, 1, 1, 1, 0, 1, 1, 1, 1, 1, 0, -1, -1, 0, -1, -1, 1, -1, -1, -1, 1, 1, 1, -1, 1, 1, 1, 0.04, 6, 0, 0, 0, 0, 11, 3, 23.0, 0, 0, 17, 28, 0, 1]
[1, 1, 1, 1, 1, 1, 0, 1, 1, 1, 1, 1, -1, -1, 1, 1, -1, -1, 1, -1, -1, -1, 1, 1, 1, -1, 1, -1, 1, 0.27, 7, 0, 1, 0, 0, 6, 2, 24.0, 0, 0, 12, 30, 0, 1]
[1, 1, 1, 1, 1, 1, 0, 1, 1, -1, 1, 1, -1, -1, 0, 0, -1, -1, 1, -1, -1, -1, 1, 1, 1, -1, 1, -1, 1, 0.04, 6, 0, 0, 0, 0, 7, 3, 19.0, 0, 0, 13, 24, 0, 1]
[1, 1, 1, 1, 1, 1, 0, -1, 1, 1, 1, 1, -1, -1, -1, 1, -1, -1, 1, -1, -1, -1, 1, 1, 1, -1, 1, -1, 1, 0.05, 6, 0, 0, 0, 0, 5, 3, 17.0, 0, 0, 11, 22, 0, 1]
[1, 1, 1, 1, 1, 1, 1, 1, 1, 1, 1, 1, -1, -1, -1, 1, -1, -1, 1, -1, -1, -1, 1, 1, 1, -1, 1, -1, 1, 0.04, 5, 0, 0, 0, 0, 15, 3, 24.0, 0, 0, 18, 28, 0, 1]
[1, 1, 1, 1, 1, 1, 0, 1, 1, -1, 1, 1, -1, -1, 1, 1, -1, -1, 1, -1, -1, -1, 1, 1, 1, -1, 1, -1, 1, 0.04, 6, 0, 0, 0, 0, 9, 3, 21.0, 0, 0, 15, 26, 0, 1]
[1, 1, 1, 1, 1, 1, 0, 1, 1, 1, 1, 1, -1, -1, 0, 1, -1, -1, 1, -1, -1, -1, 1, 1, 1, -1, 1, -1, 1, 0.04, 6, 0, 0, 0, 0, 8, 2, 19.0, 0, 0, 13, 24, 0, 1]
[1, 1, 1, 1, 1, 1, 0, 1, 1, 1, 1, 1, -1, -1, 0, 1, -1, -1, 1, -1, -1, -1, 1, 1, 1, -1, 1, -1, 1, 0.03, 6, 0, 0, 0, 0, 10, 3, 25.0, 0, 0, 19, 30, 0, 1]
[1, 1, -1, 1, 1, -1, 1, 1, 1, -1, 1, 1, -1, -1, -1, 0, -1, -1, 1, -1, -1, -1, 1, 1, 1, -1, 1, -1, 1, 0.03, 6, 0, 0, 0, 0, 10, 3, 25.0, 0, 0, 19, 30, 1, 1]
[1, 1, 1, 1, 1, 1, 0, 1, 1, -1, 1, 1, 0, -1, 0, 1, -1, -1, 1, -1, -1, -1, 1, 1, 1, -1, 1, 1, 1, 0.05, 6, 0, 0, 0, 0, 5, 3, 16.0, 0, 0, 10, 21, 0, 1]
[1, 1, 1, 1, 1, 1, 0, 1, 1, -1, 1, 1, -1, -1, 0, 0, -1, -1, 1, -1, -1, -1, 1, 1, 1, -1, 1, -1, 1, 0.34, 6, 0, 0, 0, 0, 13, 3, 36.0, 0, 0, 17, 41, 0, 1]
[1, 1, 1, 1, 1, 1, 1, 1, 1, -1, 1, 1, -1, -1, 0, 1, -1, -1, 1, -1, -1, -1, 1, 1, 1, -1, 1, -1, 1, 0.05, 5, 0, 0, 0, 0, 9, 3, 18.0, 0, 0, 12, 22, 0, 1]
[1, 1, 1, 1, 1, 1, 0, 1, -1, -1, 1, 1, -1, -1, 0, 0, -1, -1, 1, -1, -1, -1, 1, -1, -1, -1, 1, -1, 1, 0.05, 6, 0, 0, 0, 0, 6, 2, 17.0, 0, 0, 11, 22, 0, 1]
[1, 1, 1, 1, 1, 1, 1, -1, 1, 1, 1, 1, -1, -1, 0, 0, -1, -1, 1, -1, -1, -1, 1, 1, 1, -1, 1, -1, 1, 0.07, 5, 0, 0, 0, 0, 5, 2, 10.0, 0, 0, 4, 14, 0, 1]
[1, 1, 1, 1, 1, 1, 1, 1, 1, -1, 1, 1, -1, -1, 0, 1, -1, -1, 1, -1, -1, -1, 1, 1, 1, -1, 1, -1, 1, 0.06, 5, 0, 0, 0, 0, 5, 3, 14.0, 0, 0, 8, 18, 0, 1]
[1, -1, 1, 1, 1, 1, 0, 1, 1, 1, 1, 1, -1, -1, 1, 0, -1, -1, 1, -1, -1, -1, 1, 1, 1, -1, 1, -1, 1, 0.0, 18, 0, 0, 1, 1, 16, 1, 1.478, 0, 0, 11, 275, 0, 1]
[1, 1, 1, 1, 1, 1, -1, 1, 1, -1, 1, 1, -1, -1, 0, 0, -1, -1, 1, -1, -1, -1, 1, 1, 1, -1, 1, -1, 1, 0.04, 7, 0, 0, 0, 0, 6, 2, 20.0, 0, 0, 14, 26, 0, 1]
[1, 1, 1, 1, 1, 1, 0, 1, 1, -1, 1, 1, -1, -1, 0, 1, -1, -1, 1, -1, -1, -1, 1, 1, 1, -1, 1, -1, 1, 0.04, 6, 0, 0, 0, 0, 7, 3, 19.0, 0, 0, 13, 24, 0, 1]
[1, 1, 1, 1, 1, 1, 0, 1, 1, -1, 1, 1, -1, -1, 1, 1, -1, -1, 1, -1, -1, -1, 1, 1, 1, -1, 1, 1, 1, 0.1, 6, 0, 0, 0, 0, 11, 2, 25.0, 0, 0, 17, 30, 0, 1]
[1, 1, 1, 1, 1, 1, 0, 1, -1, -1, 1, 1, -1, -1, 0, 0, -1, -1, 1, -1, -1, -1, 1, -1, -1, -1, 1, -1, 1, 0.05, 6, 0, 0, 0, 0, 6, 2, 17.0, 0, 0, 11, 22, 0, 1]
[1, 1, 1, 1, 1, 1, 0, 1, 1, -1, 1, 1, -1, -1, 0, 0, -1, -1, 1, -1, -1, -1, 1, 1, 1, -1, 1, -1, 1, 0.49, 8, 0, 0, 0, 0, 9, 2, 12.667, 0, 0, 14, 47, 0, 1]
[1, 1, 1, 1, 1, 1, 0, 1, 1, -1, 1, 1, 0, -1, 0, 1, -1, -1, 1, -1, -1, -1, 1, 1, 1, -1, 1, 0, 1, 0.04, 6, 0, 0, 0, 0, 7, 3, 19.0, 0, 0, 13, 24, 0, 1]
[1, 1, -1, 1, 1, 1, 0, 1, 1, -1, 1, 1, -1, -1, 0, 1, -1, -1, 1, -1, -1, -1, 1, 1, 1, -1, 1, 1, 1, 0.04, 6, 0, 0, 0, 0, 7, 3, 19.0, 0, 0, 13, 24, 0, 1]
[1, 1, 1, 1, 1, 1, 1, 1, 1, -1, 1, 1, -1, -1, -1, 1, -1, -1, 1, -1, -1, -1, 1, 1, 1, -1, 1, -1, 1, 0.21, 6, 0, 0, 0, 0, 5, 2, 14.0, 0, 0, 6, 19, 0, 1]
[1, 1, -1, 1, 1, 1, 0, 1, 1, -1, 1, 1, -1, -1, 0, 1, -1, -1, 1, -1, -1, -1, 1, 1, 1, -1, 1, -1, 1, 0.03, 6, 0, 0, 0, 0, 12, 3, 24.0, 0, 0, 18, 29, 0, 1]
[1, 1, 1, 1, 1, 1, 0, 1, 1, -1, 1, 1, -1, -1, 1, 1, -1, -1, 1, -1, -1, -1, 1, 1, 1, -1, 1, -1, 1, 0.04, 6, 0, 0, 0, 0, 6, 3, 21.0, 0, 0, 15, 26, 0, 1]
[1, 1, 1, 1, 1, 1, 0, 1, -1, -1, 1, 1, -1, -1, 0, 0, -1, -1, 1, -1, -1, -1, 1, -1, -1, -1, 1, -1, 1, 0.05, 6, 0, 0, 0, 0, 5, 3, 15.0, 0, 0, 9, 20, 0, 1]
[1, 1, 1, 1, 1, 1, 1, 1, 1, 1, 1, 1, -1, -1, -1, 1, -1, -1, 1, -1, -1, -1, 1, 1, 1, -1, 1, -1, 1, 0.05, 5, 0, 0, 0, 0, 8, 3, 17.0, 0, 0, 11, 21, 0, 1]
[1, 1, 1, 1, 1, 1, 0, -1, 1, -1, 1, 1, -1, -1, -1, -1, -1, -1, -1, -1, -1, -1, -1, 1, 1, -1, 1, -1, 1, 0.04, 6, 0, 0, 0, 0, 10, 3, 22.0, 0, 0, 16, 27, 0, 1]
[1, 1, 1, 1, 1, 1, 0, 1, 1, 1, 1, 1, -1, -1, 0, 0, -1, -1, 1, -1, -1, -1, 1, 1, 1, -1, 1, -1, 1, 0.04, 6, 0, 0, 0, 0, 6, 3, 18.0, 0, 0, 12, 23, 0, 1]
[1, 1, 1, 1, 1, 1, 0, 1, 1, -1, 1, 1, -1, -1, 1, 0, -1, -1, 1, -1, -1, -1, 1, 1, 1, -1, 1, -1, 1, 0.04, 6, 0, 0, 0, 0, 11, 3, 23.0, 0, 0, 17, 28, 0, 1]
[1, 1, 1, 1, 1, 1, 0, 1, 1, -1, 1, 1, -1, -1, 1, 0, -1, -1, 1, -1, -1, -1, 1, 1, 1, -1, 1, -1, 1, 0.04, 6, 0, 0, 0, 0, 7, 3, 19.0, 0, 0, 13, 24, 0, 1]
[1, 1, 1, 1, 1, 1, -1, 1, -1, -1, 1, 1, -1, -1, 1, 0, -1, -1, 1, -1, -1, -1, 1, -1, -1, -1, 1, 0, 1, 0.04, 7, 0, 1, 0, 0, 6, 2, 19.0, 0, 0, 13, 25, 0, 1]
[1, 1, 1, 1, 1, 1, 0, 1, 1, -1, 1, 1, -1, -1, 0, 1, -1, -1, 1, -1, -1, -1, 1, 1, 1, -1, 1, -1, 1, 0.03, 6, 0, 0, 0, 0, 12, 3, 24.0, 0, 0, 18, 29, 0, 1]
[1, 1, 1, 1, 1, 1, 0, 1, -1, 1, 1, 1, -1, -1, -1, 0, -1, -1, 1, -1, -1, -1, 1, 1, 1, -1, 1, 1, 1, 0.05, 6, 0, 0, 0, 0, 5, 2, 14.0, 0, 0, 8, 19, 0, 1]
[1, 1, 1, 1, 1, 1, 1, 1, 1, 1, 1, 1, 0, -1, -1, 0, -1, -1, 1, -1, -1, -1, 1, 1, 1, -1, 1, 1, 1, 0.05, 5, 0, 0, 0, 0, 7, 3, 16.0, 0, 0, 10, 20, 0, 1]
[1, 1, 1, 1, 1, 1, 1, 1, 1, -1, 1, 1, -1, -1, -1, 1, -1, -1, 1, -1, -1, -1, 1, 1, 1, -1, 1, 1, 1, 0.05, 5, 0, 0, 0, 0, 7, 3, 16.0, 0, 0, 10, 20, 0, 1]
[1, 1, 1, 1, 1, 1, 0, 1, 1, -1, 1, 1, 0, -1, 0, 1, -1, -1, 1, -1, -1, -1, 1, 1, 1, -1, 1, 1, 1, 0.05, 6, 0, 0, 0, 0, 5, 2, 14.0, 0, 0, 8, 19, 0, 1]
[1, 1, 1, 1, 1, 1, -1, 1, 1, -1, 1, 1, -1, -1, 1, 0, -1, -1, 1, -1, -1, -1, 1, 1, 1, -1, 1, -1, 1, 0.04, 7, 0, 1, 0, 0, 6, 2, 19.0, 0, 0, 13, 25, 0, 1]
[1, 1, 1, 1, 1, 1, 0, 1, -1, -1, 1, 1, -1, -1, 1, 0, -1, -1, 1, -1, -1, -1, 1, -1, -1, -1, 1, 0, 1, 0.05, 6, 0, 1, 0, 0, 6, 2, 17.0, 0, 0, 11, 22, 0, 1]
[1, 1, 1, 1, 1, 1, 0, 1, 1, -1, 1, 1, -1, -1, 0, 1, -1, -1, 1, -1, -1, -1, 1, 1, 1, -1, 1, -1, 1, 0.04, 6, 0, 0, 0, 0, 6, 3, 18.0, 1, 0, 12, 24, 0, 1]
[1, 1, 1, 1, 1, 1, 0, 1, 1, -1, 1, 1, -1, -1, 0, 0, -1, -1, 1, -1, -1, -1, 1, 1, 1, -1, 1, -1, 1, 0.27, 6, 0, 0, 0, 0, 7, 3, 25.0, 0, 0, 12, 30, 0, 1]
[1, 1, 1, 1, 1, 1, 0, 1, 1, -1, 1, 1, -1, -1, 0, 1, -1, -1, 1, -1, -1, -1, 1, 1, 1, -1, 1, -1, 1, 0.04, 6, 0, 0, 0, 0, 7, 2, 18.0, 0, 0, 12, 23, 0, 1]
[1, 1, 1, 1, 1, 1, 0, 1, 1, -1, 1, 1, -1, -1, 0, 1, -1, -1, 1, -1, -1, -1, 1, 1, 1, -1, 1, 1, 1, 0.04, 6, 0, 0, 0, 0, 9, 3, 21.0, 0, 0, 15, 26, 0, 1]
[1, 1, -1, 1, 1, 1, -1, 1, 1, -1, 1, 1, -1, -1, 0, 1, -1, -1, 1, -1, -1, -1, 1, 1, 1, -1, 1, -1, 1, 0.1, 10, 0, 0, 1, 1, 11, 2, 5.0, 0, 0, 18, 50, 0, 1]
[1, 1, 1, 1, 1, 1, 0, 1, 1, -1, 1, 1, -1, -1, 1, 0, -1, -1, 1, -1, -1, -1, 1, 1, 1, -1, 1, -1, 1, 0.15, 7, 0, 0, 0, 0, 7, 2, 21.0, 0, 0, 13, 27, 0, 1]
[1, 1, 1, 1, 1, 1, 0, 1, 1, -1, 1, 1, -1, -1, 0, 0, -1, -1, 1, -1, -1, -1, 1, 1, 1, -1, 1, -1, 1, 0.05, 6, 0, 0, 0, 0, 6, 2, 17.0, 0, 0, 11, 22, 0, 1]
[1, 1, 1, 1, 1, 1, 1, 1, 1, -1, 1, 1, 0, -1, 0, 1, -1, -1, 1, -1, -1, -1, 1, 1, 1, -1, 1, -1, 1, 0.04, 5, 0, 0, 0, 0, 10, 3, 19.0, 0, 0, 13, 23, 0, 1]
[1, 1, 1, 1, 1, 1, 0, 1, 1, -1, 1, 1, 0, -1, -1, 1, -1, -1, 1, -1, -1, -1, 1, 1, 1, -1, 1, 1, 1, 0.17, 6, 0, 0, 0, 0, 9, 3, 25.0, 0, 0, 15, 30, 0, 1]
[1, 1, 1, 1, 1, 1, 1, 1, 1, -1, 1, 1, -1, -1, 0, -1, -1, -1, 1, -1, -1, -1, 1, 1, 1, -1, 1, -1, 1, 0.05, 5, 0, 0, 0, 0, 7, 3, 16.0, 0, 0, 10, 20, 0, 1]
[1, 1, 1, 1, 1, 1, 0, 1, 1, -1, 1, 1, -1, -1, 0, 1, -1, -1, 1, -1, -1, -1, 1, 1, 1, -1, 1, -1, 1, 0.02, 10, 0, 0, 1, 1, 15, 1, 4.5, 0, 0, 20, 41, 0, 1]
[1, 1, 1, 1, 1, 1, 0, 1, 1, -1, 1, 1, -1, -1, 0, 0, -1, -1, 1, -1, -1, -1, 1, 1, 1, -1, 1, -1, 1, 0.04, 6, 0, 0, 0, 0, 6, 3, 18.0, 0, 0, 12, 23, 0, 1]
[1, 1, 1, 1, 1, 1, 0, 1, 1, -1, 1, 1, -1, -1, 1, 0, -1, -1, 1, -1, -1, -1, 1, 1, 1, -1, 1, -1, 1, 0.04, 6, 0, 0, 0, 0, 5, 3, 18.0, 0, 0, 12, 23, 0, 1]
[1, 1, 1, 1, 1, 1, -1, 1, 1, -1, 1, 1, -1, -1, 1, 0, -1, -1, 1, -1, -1, -1, 1, 1, 1, -1, 1, -1, 1, 0.05, 7, 0, 0, 0, 0, 5, 2, 16.0, 0, 0, 10, 22, 0, 1]
[1, 1, 1, 1, 1, 1, 1, 1, 1, 1, 1, 1, -1, -1, 0, 0, -1, -1, 1, -1, -1, -1, 1, 1, 1, -1, 1, -1, 1, 0.06, 5, 0, 0, 0, 0, 5, 3, 14.0, 0, 0, 8, 18, 0, 1]
[1, 1, 1, 1, 1, 1, 0, 1, 1, -1, 1, 1, -1, -1, 0, 0, -1, -1, 1, -1, -1, -1, 1, 1, 1, -1, 1, -1, 1, 0.52, 8, 0, 0, 0, 0, 10, 2, 13.667, 0, 0, 14, 50, 0, 1]
[1, 1, 1, 1, 1, 1, 0, 1, 1, -1, 1, 1, -1, -1, 1, 1, -1, -1, 1, -1, -1, -1, 1, 1, 1, -1, 1, -1, 1, 0.04, 6, 0, 0, 0, 0, 8, 3, 20.0, 0, 0, 14, 25, 0, 1]
[1, 1, 1, 1, 1, 1, 0, 1, 1, -1, 1, 1, -1, -1, 0, 1, -1, -1, 1, -1, -1, -1, 1, 1, 1, -1, 1, -1, 1, 0.04, 6, 0, 0, 0, 0, 10, 3, 22.0, 0, 0, 16, 27, 0, 1]
[1, 0, 1, 1, 1, 1, 0, 1, 1, 1, 1, 1, -1, -1, 1, 1, -1, -1, 1, -1, -1, -1, 1, 1, 1, -1, 1, 1, 1, 0.01, 10, 0, 0, 1, 1, 5, 1, 1.471, 0, 0, 10, 68, 0, 1]
[1, 1, -1, 1, 1, 1, 1, 1, 1, -1, 1, 1, -1, -1, 1, 0, -1, -1, 1, -1, -1, -1, 1, 1, 1, -1, 1, -1, 1, 0.06, 5, 0, 0, 0, 0, 5, 3, 14.0, 0, 0, 8, 18, 0, 1]
[1, 1, 1, 1, 1, 1, 0, 1, 1, -1, 1, 1, -1, -1, 1, 1, -1, -1, 0, -1, -1, -1, 1, 1, 1, -1, 1, 1, 1, 0.03, 6, 0, 0, 0, 0, 9, 3, 24.0, 0, 0, 18, 29, 0, 1]
[1, 0, 1, 1, 1, 1, -1, 1, 1, 1, 1, 1, -1, -1, 0, 1, -1, -1, 1, -1, -1, -1, 1, 1, 1, -1, 1, -1, 1, 0.3, 12, 0, 0, 1, 1, 10, 2, 59.0, 0, 0, 19, 70, 0, 1]
[1, 0, 1, 1, 1, 1, -1, 1, 1, -1, 1, 1, -1, -1, 1, 1, -1, -1, 1, -1, -1, -1, 1, 1, 1, -1, 1, -1, 1, 0.11, 14, 0, 0, 1, 1, 8, 1, 9.8, 0, 0, 14, 70, 0, 1]
[1, 1, 1, 1, 1, 1, -1, -1, 1, -1, 1, 1, -1, -1, -1, -1, -1, -1, -1, -1, -1, -1, -1, 1, 1, -1, 1, -1, 1, 0.37, 9, 0, 0, 0, 0, 9, 2, 35.0, 0, 0, 16, 43, 0, 1]
[1, 1, 1, 1, 1, 1, 0, 1, 1, -1, 1, 1, -1, -1, 1, 1, -1, -1, 1, -1, -1, -1, 1, 1, 1, -1, 1, -1, 1, 0.04, 6, 0, 0, 0, 0, 8, 3, 20.0, 0, 0, 14, 25, 0, 1]
[1, 1, -1, 1, 1, 1, 0, -1, 1, 1, 1, 1, -1, -1, 0, 1, -1, -1, 1, -1, -1, -1, 1, 1, 1, -1, 1, -1, 1, 0.04, 6, 0, 0, 0, 0, 8, 3, 20.0, 0, 0, 14, 25, 0, 1]
[1, 1, 1, 1, 1, 1, 0, 1, 1, -1, 1, 1, -1, -1, 0, 1, -1, -1, 1, -1, -1, -1, 1, 1, 1, -1, 1, -1, 1, 0.04, 6, 0, 0, 0, 0, 6, 3, 18.0, 0, 0, 12, 23, 0, 1]
[1, 1, -1, 1, 1, 1, 0, -1, 1, 1, 1, 1, -1, -1, 0, 1, -1, -1, 1, -1, -1, -1, 1, 1, 1, -1, 1, -1, 1, 0.04, 6, 0, 0, 0, 0, 8, 3, 20.0, 0, 0, 14, 25, 0, 1]
[1, 1, 1, 1, 1, 1, 0, 1, 1, -1, 1, 1, 0, -1, 0, 1, -1, -1, 1, -1, -1, -1, 1, 1, 1, -1, 1, 1, 1, 0.03, 6, 0, 0, 0, 0, 12, 3, 24.0, 0, 0, 18, 29, 0, 1]
[1, 1, 1, 1, 1, 1, 0, 1, 1, 1, 1, 1, -1, -1, -1, 0, -1, -1, 0, -1, -1, -1, 1, 1, 1, -1, 1, -1, 1, 0.04, 6, 0, 0, 0, 0, 6, 3, 18.0, 0, 0, 12, 23, 0, 1]
[1, 1, 1, 1, 1, 1, 0, 1, 1, -1, 1, 1, -1, -1, 1, 0, -1, -1, 1, -1, -1, -1, 1, 1, 1, -1, 1, -1, 1, 0.05, 6, 0, 0, 0, 0, 5, 3, 15.0, 0, 0, 9, 20, 0, 1]
[1, 1, 1, 1, 1, 1, 0, 1, -1, -1, 1, 1, 0, -1, 0, 1, -1, -1, 1, -1, -1, -1, 1, -1, -1, -1, 1, 1, 1, 0.05, 6, 0, 0, 0, 0, 5, 2, 14.0, 0, 0, 8, 19, 0, 1]
[1, 1, 1, 1, 1, 1, 0, 1, 1, 1, 1, 1, -1, -1, 0, 1, -1, -1, 1, -1, -1, -1, 1, 1, 1, -1, 1, 1, 1, 0.05, 6, 0, 0, 0, 0, 5, 3, 17.0, 0, 0, 11, 22, 0, 1]
[1, 0, 1, 1, 1, 1, 0, 1, 1, -1, 1, 1, -1, -1, 0, 1, -1, -1, 0, -1, -1, -1, 1, 1, 1, -1, 1, -1, 1, 0.61, 7, 0, 0, 0, 0, 12, 3, 30.0, 0, 0, 12, 57, 0, 1]
[1, 1, 1, 1, 1, 1, 0, 1, 1, 1, 1, 1, -1, -1, 0, 0, -1, -1, 1, -1, -1, -1, 1, 1, 1, -1, 1, -1, 1, 0.04, 6, 0, 0, 0, 0, 8, 3, 20.0, 0, 0, 14, 25, 0, 1]
[1, 1, 1, 1, 1, 1, 0, 1, -1, -1, 1, 1, -1, -1, 0, 1, -1, -1, 1, -1, -1, -1, 1, -1, -1, -1, 1, 1, 1, 0.05, 6, 0, 0, 0, 0, 5, 3, 16.0, 0, 0, 10, 21, 0, 1]
[1, 1, 1, 1, 1, 1, 0, 1, 1, -1, 1, 1, -1, -1, 0, 1, -1, -1, 1, -1, -1, -1, 1, 1, 1, -1, 1, -1, 1, 0.04, 6, 0, 0, 0, 0, 7, 3, 19.0, 0, 0, 13, 24, 0, 1]
[1, 1, 1, 1, 1, 1, 1, 1, 1, 1, 1, 1, 0, -1, 0, 1, -1, -1, 1, -1, -1, -1, 1, 1, 1, -1, 1, 1, 1, 0.05, 5, 0, 0, 0, 0, 7, 3, 16.0, 0, 0, 10, 20, 0, 1]
[1, 1, -1, 1, 1, 1, 0, 1, 1, 1, 1, 1, -1, -1, -1, 0, -1, -1, 1, -1, -1, -1, 1, 1, 1, -1, 1, -1, 1, 0.05, 6, 0, 0, 0, 0, 5, 2, 14.0, 0, 0, 8, 19, 0, 1]
[1, 1, 1, 1, 1, 1, -1, 1, 1, 1, 1, 1, -1, -1, 1, 1, -1, -1, 1, -1, -1, -1, 1, 1, 1, -1, 1, -1, 1, 0.04, 7, 0, 0, 0, 0, 5, 2, 19.0, 0, 0, 13, 25, 0, 1]
[1, 1, -1, 1, 1, 1, 0, 1, 1, 1, 1, 1, -1, -1, -1, 1, -1, -1, 1, -1, -1, -1, 1, 1, 1, -1, 1, -1, 1, 0.05, 6, 0, 0, 0, 0, 5, 3, 16.0, 0, 0, 10, 21, 0, 1]
[1, 1, 1, 1, 1, 1, 1, 1, 1, 1, 1, 1, -1, -1, -1, 1, -1, -1, 1, -1, -1, -1, 1, 1, 1, -1, 1, -1, 1, 0.04, 5, 0, 0, 0, 0, 13, 3, 22.0, 0, 0, 16, 26, 0, 1]
[1, -1, 1, 1, 1, 1, -1, 1, 1, -1, 1, 1, -1, -1, 0, 0, -1, -1, 1, -1, -1, -1, 1, 1, 1, -1, 1, -1, 1, 0.59, 12, 0, 0, 0, 0, 13, 3, 64.0, 0, 0, 23, 81, 0, 1]
[1, 1, 1, 1, 1, 1, 1, 1, -1, -1, 1, 1, -1, -1, 0, 1, -1, -1, 1, -1, -1, -1, 1, -1, -1, -1, 1, 1, 1, 0.06, 5, 0, 0, 0, 0, 5, 3, 14.0, 0, 0, 8, 18, 0, 1]
[1, 1, 1, 1, 1, 1, 0, 1, 1, -1, 1, 1, -1, -1, 0, 1, -1, -1, 1, -1, -1, -1, 1, 1, 1, -1, 1, -1, 1, 0.04, 6, 0, 0, 0, 0, 9, 3, 21.0, 0, 0, 15, 26, 0, 1]
[1, 1, 1, 1, 1, 1, 1, 1, 1, 1, 1, 1, -1, -1, 0, 0, -1, -1, 1, -1, -1, -1, 1, 1, 1, -1, 1, -1, 1, 0.06, 5, 0, 0, 0, 0, 5, 3, 13.0, 0, 0, 7, 17, 0, 1]
[1, 1, 1, 1, 1, 1, 0, 1, 1, 1, 1, 1, -1, -1, -1, 1, -1, -1, 1, -1, -1, -1, 1, 1, 1, -1, 1, -1, 1, 0.03, 6, 0, 0, 0, 0, 17, 3, 29.0, 0, 0, 23, 34, 0, 1]
[1, 1, 1, 1, 1, 1, -1, 1, 1, 1, 1, 1, -1, -1, 0, 0, -1, -1, 1, -1, -1, -1, 1, 1, 1, -1, 1, -1, 1, 0.04, 7, 0, 0, 0, 0, 6, 2, 19.0, 0, 0, 13, 25, 0, 1]
[1, 1, 1, 1, 1, 1, 1, 1, 1, -1, 1, 1, -1, -1, -1, 1, -1, -1, 1, -1, -1, -1, 1, 1, 1, -1, 1, -1, 1, 0.06, 5, 0, 0, 0, 0, 5, 2, 12.0, 0, 0, 6, 16, 0, 1]
[1, 1, 1, 1, 1, 1, 0, 1, 1, 1, 1, 1, -1, -1, -1, 0, -1, -1, 1, -1, -1, -1, 1, 1, 1, -1, 1, -1, 1, 0.05, 6, 0, 0, 0, 0, 5, 3, 17.0, 0, 0, 11, 22, 0, 1]
[1, 1, 1, 1, 1, 1, 0, 1, -1, -1, 1, 1, -1, -1, -1, 1, -1, -1, 1, -1, -1, -1, 1, 1, 1, -1, 1, -1, 1, 0.45, 8, 0, 0, 0, 0, 8, 2, 26.0, 0, 0, 8, 33, 0, 1]
[1, 1, 1, 1, 1, 1, -1, 1, -1, 1, 1, 1, -1, -1, 0, 1, -1, -1, 1, -1, -1, -1, 1, -1, -1, -1, 1, -1, 1, 0.04, 7, 0, 0, 0, 0, 6, 2, 19.0, 0, 0, 13, 25, 0, 1]
[1, 1, 1, 1, 1, 1, 1, 1, 1, 1, 1, 1, -1, -1, 0, 1, -1, -1, 1, -1, -1, -1, 1, 1, 1, -1, 1, -1, 1, 0.05, 5, 0, 0, 0, 0, 6, 3, 15.0, 0, 0, 9, 19, 0, 1]
[1, 1, 1, 1, 1, 1, 0, 1, 1, -1, 1, 1, -1, -1, 1, 1, -1, -1, 1, -1, -1, -1, 1, 1, 1, -1, 1, 1, 1, 0.04, 6, 0, 0, 0, 0, 6, 3, 18.0, 0, 0, 12, 23, 0, 1]
[1, 1, 1, 1, 1, 1, -1, 1, 1, -1, 1, 1, 0, -1, 0, 1, -1, -1, 1, -1, -1, -1, 1, 1, 1, -1, 1, 1, 1, 0.04, 7, 0, 0, 0, 0, 6, 2, 19.0, 0, 0, 13, 25, 0, 1]
[1, 1, 1, 1, 1, 1, 0, 1, 1, 1, 1, 1, -1, -1, 1, 1, -1, -1, 1, -1, -1, -1, 1, 1, 1, -1, 1, 0, 1, 0.16, 7, 0, 0, 0, 0, 17, 3, 37.0, 0, 0, 26, 43, 0, 1]
[1, 1, 1, 1, 1, 1, 1, 1, 1, 1, 1, 1, -1, -1, 1, 1, -1, -1, 1, -1, -1, -1, 1, 1, 1, -1, 1, -1, 1, 0.04, 5, 0, 0, 0, 0, 10, 3, 19.0, 0, 0, 13, 23, 0, 1]
[1, 1, 1, 1, 1, 1, -1, 1, 1, -1, 1, 1, -1, -1, 1, 1, -1, -1, 1, -1, -1, -1, 1, 1, 1, -1, 1, -1, 1, 0.04, 7, 0, 0, 0, 0, 9, 2, 22.0, 0, 0, 16, 28, 0, 1]
[1, 1, -1, 1, 1, 1, 0, 1, 1, -1, 1, 1, 0, -1, 1, 1, -1, -1, 1, -1, -1, -1, 1, 1, 1, -1, 1, 1, 1, 0.04, 6, 0, 0, 0, 0, 9, 2, 20.0, 0, 0, 14, 25, 0, 1]
[1, 1, 1, 1, 1, 1, 0, 1, 1, -1, 1, 1, -1, -1, 1, 1, -1, -1, 1, -1, -1, -1, 1, 1, 1, -1, 1, -1, 1, 0.04, 6, 0, 0, 0, 0, 6, 3, 18.0, 0, 0, 12, 23, 0, 1]
[1, 1, 1, 1, 1, 1, 0, 1, -1, -1, 1, 1, -1, -1, 0, 1, -1, -1, 1, -1, -1, -1, 1, -1, -1, -1, 1, 0, 1, 0.05, 6, 0, 1, 0, 0, 6, 2, 17.0, 0, 0, 11, 22, 0, 1]
[1, -1, 1, 1, 1, 1, 0, 1, 1, -1, 1, 1, -1, -1, 0, 0, -1, -1, 1, -1, -1, -1, 1, 1, 1, -1, 1, -1, 1, 0.82, 42, 0, 0, 0, 0, 9, 1, 0.727, 0, 0, 14, 133, 0, 1]
[1, 1, -1, 1, 1, 1, 0, 1, 1, -1, 1, 1, -1, -1, 1, 0, -1, -1, 1, -1, -1, -1, 1, 1, 1, -1, 1, -1, 1, 0.04, 6, 0, 0, 0, 0, 6, 3, 19.0, 0, 0, 13, 24, 0, 1]
[1, 1, 1, 1, 1, 1, 1, 1, 1, -1, 1, 1, -1, -1, 0, 0, -1, -1, 1, -1, -1, -1, 1, 1, 1, -1, 1, -1, 1, 0.05, 5, 0, 0, 0, 0, 6, 3, 15.0, 0, 0, 9, 19, 0, 1]
[1, 1, 1, 1, 1, 1, 0, 1, 1, -1, 1, 1, -1, -1, 0, 0, -1, -1, 1, -1, -1, -1, 1, 1, 1, -1, 1, -1, 1, 0.49, 8, 0, 0, 0, 0, 10, 2, 19.5, 0, 0, 14, 47, 0, 1]
[1, 1, -1, 1, 1, 1, 0, -1, 1, 1, 1, 1, -1, -1, 0, 1, -1, -1, 1, -1, -1, -1, 1, 1, 1, -1, 1, -1, 1, 0.03, 6, 0, 0, 0, 0, 14, 3, 26.0, 0, 0, 20, 31, 0, 1]
[1, 1, 1, 1, 1, 1, 1, 1, 1, -1, 1, 1, -1, -1, 0, 1, -1, -1, 1, -1, -1, -1, 1, 1, 1, -1, 1, -1, 1, 0.05, 5, 0, 0, 0, 0, 9, 3, 18.0, 0, 0, 12, 22, 0, 1]
[1, 1, 1, 1, 1, 1, 0, 1, 1, -1, 1, 1, -1, -1, 0, 1, -1, -1, 1, -1, -1, -1, 1, 1, 1, -1, 1, -1, 1, 0.05, 6, 0, 0, 0, 0, 5, 1, 13.0, 1, 0, 7, 19, 0, 1]
[1, 1, 1, 1, 1, 1, 0, 1, 1, -1, 1, 1, -1, -1, 0, 1, -1, -1, 0, -1, -1, -1, 1, 1, 1, -1, 1, -1, 1, 0.26, 10, 0, 0, 0, 0, 6, 1, 29.0, 0, 0, 13, 39, 0, 1]
[1, 1, 1, 1, 1, 1, 1, 1, 1, 1, 1, 1, -1, -1, -1, 0, -1, -1, 1, -1, -1, -1, 1, 1, 1, -1, 1, -1, 1, 0.07, 5, 0, 0, 0, 0, 5, 2, 11.0, 0, 0, 5, 15, 0, 1]
[1, 1, 1, 1, 1, 1, 0, 1, 1, 1, 1, 1, -1, -1, -1, 1, -1, -1, 1, -1, -1, -1, 1, 1, 1, -1, 1, -1, 1, 0.04, 6, 0, 0, 0, 0, 12, 2, 23.0, 0, 0, 17, 28, 0, 1]
[1, 1, 1, 1, 1, 1, 0, 1, 1, -1, 1, 1, -1, -1, 0, 0, -1, -1, 1, -1, -1, -1, 1, 1, 1, -1, 1, -1, 1, 0.34, 6, 0, 0, 0, 0, 13, 3, 36.0, 0, 0, 17, 41, 0, 1]
[1, 1, 1, 1, 1, 1, 0, 1, 1, 1, 1, 1, -1, -1, 1, 0, -1, -1, 1, -1, -1, -1, 1, 1, 1, -1, 1, -1, 1, 0.05, 6, 0, 0, 0, 0, 5, 3, 15.0, 0, 0, 9, 20, 0, 1]
[1, 1, 1, 1, 1, 1, 0, 1, 1, 1, 1, 1, -1, -1, 0, 1, -1, -1, 1, -1, -1, -1, 1, 1, 1, -1, 1, -1, 1, 0.04, 6, 0, 0, 0, 0, 9, 3, 21.0, 0, 0, 15, 26, 0, 1]
[1, 1, 1, 1, 1, 1, 1, 1, 1, -1, 1, 1, -1, -1, 1, 0, -1, -1, 1, -1, -1, -1, 1, 1, 1, -1, 1, -1, 1, 0.05, 5, 0, 0, 0, 0, 8, 3, 17.0, 0, 0, 11, 21, 0, 1]
[1, 1, -1, 1, 1, 1, 0, 1, 1, 1, 1, 1, -1, -1, 0, 1, -1, -1, 1, -1, -1, -1, 1, 1, 1, -1, 1, -1, 1, 0.05, 6, 0, 0, 0, 0, 5, 3, 15.0, 0, 0, 9, 20, 0, 1]
[1, 1, 1, 1, 1, 1, 0, 1, 1, 1, 1, 1, -1, -1, 1, 0, -1, -1, 1, -1, -1, 1, 1, 1, 1, -1, 1, -1, 1, 0.05, 6, 0, 0, 0, 0, 5, 3, 15.0, 0, 0, 9, 20, 0, 1]
[1, 1, 1, 1, 1, 1, 0, 1, 1, -1, 1, 1, -1, -1, 0, 1, -1, -1, 1, -1, -1, -1, 1, 1, 1, -1, 1, -1, 1, 0.03, 8, 0, 0, 1, 1, 6, 2, 22.0, 0, 0, 12, 29, 0, 1]
[1, 1, 1, 1, 1, 1, 0, 1, 1, 1, 1, 1, -1, -1, -1, 1, -1, -1, 1, -1, -1, -1, 1, 1, 1, -1, 1, -1, 1, 0.04, 6, 0, 0, 0, 0, 7, 2, 18.0, 0, 0, 12, 23, 0, 1]
[1, 1, -1, 1, 1, 1, 0, -1, 1, -1, 1, 1, -1, -1, 1, 0, -1, -1, 1, -1, -1, -1, 1, 1, 1, -1, 1, 1, 1, 0.04, 6, 0, 0, 0, 0, 7, 3, 19.0, 0, 0, 13, 24, 0, 1]
[1, 1, 1, 1, 1, 1, 1, 1, 1, -1, 1, 1, -1, -1, -1, 1, -1, -1, 1, -1, -1, -1, 1, 1, 1, -1, 1, -1, 1, 0.06, 5, 0, 0, 0, 0, 5, 3, 14.0, 0, 0, 8, 18, 0, 1]
[1, 1, 1, 1, 1, 1, 0, 1, 1, -1, 1, 1, -1, -1, 1, 0, -1, -1, 1, -1, -1, -1, 1, 1, 1, -1, 1, -1, 1, 0.05, 6, 0, 0, 0, 0, 5, 3, 16.0, 0, 0, 10, 21, 0, 1]
[1, 1, 1, 1, 1, 1, 0, 1, 1, -1, 1, 1, -1, -1, 1, 0, -1, -1, 1, -1, -1, -1, 1, 1, 1, -1, 1, 0, 1, 0.05, 6, 0, 1, 0, 0, 6, 2, 17.0, 0, 0, 11, 22, 0, 1]
[1, 1, 1, 1, 1, 1, 0, 1, 1, -1, 1, 1, 0, -1, 1, 1, -1, -1, 1, -1, -1, -1, 1, 1, 1, -1, 1, -1, 1, 0.04, 6, 0, 0, 0, 0, 6, 3, 20.0, 0, 0, 14, 25, 0, 1]
[1, 1, 1, 1, 1, 1, -1, 1, -1, -1, 1, 1, -1, -1, -1, 1, -1, -1, 1, -1, -1, -1, 1, -1, -1, -1, 1, -1, 1, 0.04, 7, 0, 0, 0, 0, 5, 2, 17.0, 0, 0, 11, 23, 0, 1]
[1, 1, 1, 1, 1, 1, 0, 1, 1, 1, 1, 1, -1, -1, 0, 0, -1, -1, 1, -1, -1, 1, 1, 1, 1, -1, 1, -1, 1, 0.04, 6, 0, 0, 0, 0, 12, 2, 23.0, 0, 0, 17, 28, 0, 1]
[1, 1, 1, 1, 1, 1, 1, 1, 1, -1, 1, 1, -1, -1, -1, 1, -1, -1, 1, -1, -1, -1, 1, 1, 1, -1, 1, 1, 1, 0.05, 5, 0, 0, 0, 0, 7, 3, 16.0, 0, 0, 10, 20, 0, 1]
[1, 1, 1, 1, 1, 1, 0, 1, 1, -1, 1, 1, -1, -1, 1, 0, -1, -1, 1, -1, -1, -1, 1, 1, 1, -1, 1, -1, 1, 0.05, 6, 0, 0, 0, 0, 5, 3, 16.0, 0, 0, 10, 21, 0, 1]
[1, 1, 1, 1, 1, 1, 0, 1, 1, 1, 1, 1, -1, -1, 0, 1, -1, -1, 1, -1, -1, -1, 1, 1, 1, -1, 1, -1, 1, 0.04, 6, 0, 0, 0, 0, 10, 3, 22.0, 0, 0, 16, 27, 0, 1]
[1, 1, 1, 1, 1, 1, -1, 1, 1, -1, 1, 1, -1, -1, 1, 1, -1, -1, 1, -1, -1, -1, 1, 1, 1, -1, 1, -1, 1, 0.47, 9, 0, 0, 0, 0, 5, 2, 26.0, 0, 0, 8, 34, 0, 1]
[1, 1, 1, 1, 1, 1, 0, 1, -1, -1, 1, 1, 0, -1, 0, 1, -1, -1, 1, -1, -1, -1, 1, -1, -1, -1, 1, 1, 1, 0.04, 6, 0, 0, 0, 0, 8, 3, 20.0, 0, 0, 14, 25, 0, 1]
[1, 1, 1, 1, 1, 1, 0, 1, 1, -1, 1, 1, 0, -1, 1, 1, -1, -1, 1, -1, -1, -1, 1, 1, 1, -1, 1, 0, 1, 0.03, 6, 0, 0, 0, 0, 12, 3, 24.0, 0, 0, 18, 29, 0, 1]
[1, 1, 1, 1, 1, 1, 0, 1, 1, -1, 1, 1, -1, -1, 0, 1, -1, -1, 1, -1, -1, -1, 1, 1, 1, -1, 1, 1, 1, 0.04, 6, 0, 0, 0, 0, 7, 3, 19.0, 0, 0, 13, 24, 0, 1]
[1, 1, 1, 1, 1, 1, 0, 1, 1, -1, 1, 1, 0, -1, 0, 1, -1, -1, 1, -1, -1, -1, 1, 1, 1, -1, 1, 1, 1, 0.04, 6, 0, 0, 0, 0, 7, 3, 22.0, 1, 0, 16, 28, 0, 1]
[1, 1, -1, 1, 1, 1, -1, 1, 1, 1, 1, 1, -1, -1, 0, 0, -1, -1, 1, -1, -1, -1, 1, 1, 1, -1, 1, -1, 1, 0.03, 7, 0, 0, 0, 0, 10, 2, 24.0, 0, 0, 18, 30, 0, 1]
[1, 1, 1, 1, 1, 1, -1, 1, -1, 1, 1, 1, -1, -1, 0, 0, -1, -1, 1, -1, -1, -1, 1, -1, -1, -1, 1, -1, 1, 0.04, 7, 0, 0, 0, 0, 7, 2, 20.0, 0, 0, 14, 26, 0, 1]
[1, 1, 1, 1, 1, 1, 1, 1, 1, 1, 1, 1, -1, -1, 0, 1, -1, -1, 1, -1, -1, -1, 1, 1, 1, -1, 1, 1, 1, 0.06, 5, 0, 0, 0, 0, 5, 2, 12.0, 0, 0, 6, 16, 0, 1]
[1, 1, 1, 1, 1, 1, 0, 1, 1, -1, 1, 1, -1, -1, 1, 1, -1, -1, 1, -1, -1, -1, 1, 1, 1, -1, 1, 1, 1, 0.04, 6, 0, 0, 0, 0, 7, 2, 18.0, 0, 0, 12, 23, 0, 1]
[1, 1, 1, 1, 1, 1, 0, 1, 1, -1, 1, 1, -1, -1, 1, 1, -1, -1, 1, 1, -1, -1, 1, 1, 1, -1, 1, -1, 1, 0.05, 6, 0, 0, 0, 0, 5, 3, 16.0, 0, 0, 10, 21, 0, 1]
[1, 1, 1, 1, 1, 1, 1, 1, 1, -1, 1, 1, -1, -1, -1, 1, -1, -1, 1, -1, -1, -1, 1, 1, 1, -1, 1, -1, 1, 0.06, 5, 0, 0, 0, 0, 5, 2, 12.0, 0, 0, 6, 16, 0, 1]
[1, 1, 1, 1, 1, 1, 1, 1, 1, 1, 1, 1, -1, -1, 0, 1, -1, -1, 1, -1, -1, -1, 1, 1, 1, -1, 1, -1, 1, 0.04, 5, 0, 0, 0, 0, 10, 3, 19.0, 0, 0, 13, 23, 0, 1]
[1, 1, 1, 1, 1, 1, 0, 1, -1, 1, 1, 1, -1, -1, 0, 0, -1, -1, 1, -1, -1, -1, 1, -1, -1, -1, 1, -1, 1, 0.05, 6, 0, 0, 0, 0, 5, 3, 15.0, 0, 0, 9, 20, 0, 1]
[1, 1, 1, 1, 1, 1, 0, 1, 1, 1, 1, 1, -1, -1, 0, 1, -1, -1, 1, -1, -1, -1, 1, 1, 1, -1, 1, -1, 1, 0.11, 6, 0, 0, 0, 0, 8, 2, 22.0, 0, 0, 14, 27, 0, 1]
[1, 1, 1, 1, 1, 1, 0, 1, 1, -1, 1, 1, -1, -1, 0, 1, -1, -1, 1, -1, -1, -1, 1, 1, 1, -1, 1, 1, 1, 0.36, 9, 0, 0, 0, 0, 8, 1, 33.0, 0, 0, 17, 42, 0, 1]
[1, 1, 1, 1, 1, 1, 0, 1, 1, -1, 1, 1, -1, -1, 1, 0, -1, -1, 1, -1, -1, -1, 1, 1, 1, -1, 1, -1, 1, 0.04, 6, 0, 0, 0, 0, 10, 3, 22.0, 0, 0, 16, 27, 0, 1]
[1, 1, 1, 1, 1, 1, -1, -1, -1, -1, 1, 1, -1, -1, 1, 0, -1, -1, 1, -1, -1, -1, 1, -1, -1, -1, 1, -1, 1, 0.04, 7, 0, 0, 0, 0, 5, 2, 18.0, 0, 0, 12, 24, 0, 1]
[1, 1, 1, 1, 1, 1, -1, 1, -1, -1, 1, 1, -1, -1, 0, 1, -1, -1, 1, -1, -1, -1, 1, -1, -1, -1, 1, -1, 1, 0.04, 7, 0, 0, 0, 0, 5, 2, 17.0, 0, 0, 11, 23, 0, 1]
[1, 1, 1, 1, 1, 1, 1, 1, 1, -1, 1, 1, 0, -1, 0, 1, -1, -1, 1, -1, -1, -1, 1, 1, 1, -1, 1, 1, 1, 0.05, 5, 0, 0, 0, 0, 6, 3, 15.0, 0, 0, 9, 19, 0, 1]
[1, 1, 1, 1, 1, 1, 0, 1, 1, -1, 1, 1, -1, -1, 0, 0, -1, -1, 1, -1, -1, -1, 1, 1, 1, -1, 1, -1, 1, 0.04, 6, 0, 1, 0, 0, 6, 3, 18.0, 0, 0, 12, 23, 0, 1]
[1, 1, 1, 1, 1, 1, 0, 1, 1, 1, 1, 1, -1, -1, 0, 0, -1, -1, 1, -1, -1, -1, 1, 1, 1, -1, 1, -1, 1, 0.14, 7, 0, 0, 0, 0, 8, 2, 22.0, 0, 0, 14, 28, 0, 1]
[1, 1, 1, 1, 1, 1, 0, 1, 1, -1, 1, 1, -1, -1, 0, 1, -1, -1, 1, -1, -1, -1, 1, 1, 1, -1, 1, -1, 1, 0.04, 6, 0, 0, 0, 0, 11, 2, 22.0, 0, 0, 16, 27, 0, 1]
[1, -1, 1, 1, 1, 1, 0, 1, 1, -1, 1, 1, -1, -1, 0, 0, -1, -1, 1, -1, -1, -1, 1, 1, 1, -1, 1, -1, 1, 0.71, 25, 0, 0, 0, 0, 9, 1, 1.714, 0, 0, 14, 84, 0, 1]
[1, 1, 1, 1, 1, 1, -1, 1, 1, -1, 1, 1, -1, -1, 1, 1, -1, -1, 1, -1, -1, -1, 1, 1, 1, -1, 1, -1, 1, 0.04, 7, 0, 0, 0, 0, 7, 2, 20.0, 0, 0, 14, 26, 0, 1]
[1, 1, 1, 1, 1, 1, 0, 1, 1, 1, 1, 1, -1, -1, 1, 1, -1, -1, 1, -1, -1, -1, 1, 1, 1, -1, 1, -1, 1, 0.05, 6, 0, 0, 0, 0, 5, 3, 15.0, 0, 0, 9, 20, 0, 1]
[1, 1, 1, 1, 1, 1, 1, 1, 1, -1, 1, 1, -1, -1, 1, 1, -1, -1, 1, -1, -1, -1, 1, 1, 1, -1, 1, 1, 1, 0.05, 5, 0, 0, 0, 0, 6, 3, 15.0, 0, 0, 9, 19, 0, 1]
[1, 1, 1, 1, 1, 1, 0, 1, 1, 1, 1, 1, -1, -1, 0, 1, -1, -1, 1, -1, -1, -1, 1, 1, 1, -1, 1, 0, 1, 0.24, 7, 0, 0, 0, 0, 5, 2, 19.0, 0, 0, 9, 25, 0, 1]
[1, 1, 1, 1, 1, 1, 0, 1, 1, 1, 1, 1, -1, -1, 0, 1, -1, -1, 1, -1, -1, -1, 1, 1, 1, -1, 1, 1, 1, 0.04, 6, 0, 0, 0, 0, 11, 3, 23.0, 0, 0, 17, 28, 0, 1]
[1, 1, 1, 1, 1, 1, 0, 1, 1, 1, 1, 1, -1, -1, 0, 0, -1, -1, 1, -1, -1, -1, 1, 1, 1, -1, 1, -1, 1, 0.05, 6, 0, 0, 0, 0, 5, 3, 15.0, 0, 0, 9, 20, 0, 1]
[1, 1, 1, 1, 1, 1, 0, 1, 1, 1, 1, 1, -1, -1, 1, 1, -1, -1, 1, -1, -1, -1, 1, 1, 1, -1, 1, 0, 1, 0.04, 6, 0, 0, 0, 0, 6, 3, 19.0, 0, 0, 13, 24, 0, 1]
[1, 1, 1, 1, 1, 1, 0, 1, -1, -1, 1, 1, -1, -1, 0, 0, -1, -1, 1, -1, -1, -1, 1, 1, 1, -1, 1, -1, 1, 0.05, 6, 0, 0, 0, 0, 6, 2, 17.0, 0, 0, 11, 22, 0, 1]
[1, 1, 1, 1, 1, 1, 1, 1, 1, 1, 1, 1, -1, -1, -1, 1, -1, -1, 1, -1, -1, -1, 1, 1, 1, -1, 1, -1, 1, 0.06, 5, 0, 0, 0, 0, 5, 3, 13.0, 0, 0, 7, 17, 0, 1]
[1, 1, -1, 1, 1, 1, 1, 1, 1, -1, 1, 1, -1, -1, -1, 0, -1, -1, 1, -1, -1, -1, 1, 1, 1, -1, 1, -1, 1, 0.05, 5, 0, 0, 0, 0, 6, 3, 15.0, 0, 0, 9, 19, 0, 1]
[1, 1, -1, 1, 1, 1, 0, 1, 1, -1, 1, 1, -1, -1, 1, 1, -1, -1, 1, -1, -1, -1, 1, 1, 1, -1, 1, 0, 1, 0.15, 7, 0, 0, 0, 0, 7, 2, 21.0, 0, 0, 13, 27, 0, 1]
[1, 1, 1, 1, 1, 1, 0, 1, 1, -1, 1, 1, 0, -1, 0, 1, -1, -1, 1, -1, -1, -1, 1, 1, 1, -1, 1, 1, 1, 0.04, 6, 0, 0, 0, 0, 8, 3, 20.0, 0, 0, 14, 25, 0, 1]
[1, 1, 1, 1, 1, 1, 0, 1, 1, -1, 1, 1, -1, -1, 0, 1, -1, -1, 1, -1, -1, -1, 1, 1, 1, -1, 1, -1, 1, 0.05, 6, 0, 0, 0, 0, 5, 3, 17.0, 0, 0, 11, 22, 0, 1]
[1, 1, -1, 1, 1, 1, 0, 1, 1, -1, 1, 1, -1, -1, 0, 0, -1, -1, 1, -1, -1, -1, 1, 1, 1, -1, 1, -1, 1, 0.04, 6, 0, 0, 0, 0, 9, 3, 21.0, 0, 0, 15, 26, 0, 1]
[1, 1, 1, 1, 1, 1, -1, -1, -1, -1, 1, 1, -1, -1, 0, 1, -1, -1, 1, -1, -1, -1, 1, -1, -1, -1, 1, -1, 1, 0.04, 7, 0, 0, 0, 0, 7, 2, 20.0, 0, 0, 14, 26, 0, 1]
[1, 1, 1, 1, 1, 1, 0, 1, 1, -1, 1, 1, -1, -1, 0, 0, -1, -1, 1, -1, -1, -1, 1, 1, 1, -1, 1, 1, 1, 0.03, 6, 0, 0, 0, 0, 15, 3, 27.0, 0, 0, 21, 32, 0, 1]
[1, 1, 1, 1, 1, 1, 1, 1, 1, 1, 1, 1, -1, -1, 1, 1, -1, -1, 1, -1, -1, -1, 1, 1, 1, -1, 1, -1, 1, 0.04, 5, 0, 0, 0, 0, 10, 3, 19.0, 0, 0, 13, 23, 0, 1]
[1, 1, -1, 1, 1, 1, 0, 1, 1, 1, 1, 1, 0, -1, -1, 0, -1, -1, 1, -1, -1, -1, 1, 1, 1, -1, 1, 1, 1, 0.04, 6, 0, 0, 0, 0, 7, 3, 19.0, 3, 0, 13, 27, 0, 1]
[1, 1, 1, 1, 1, 1, 1, 1, 1, -1, 1, 1, -1, -1, 1, 0, -1, -1, 1, -1, -1, -1, 1, 1, 1, -1, 1, -1, 1, 0.04, 5, 0, 0, 0, 0, 11, 3, 20.0, 0, 0, 14, 24, 0, 1]
[1, 1, 1, 1, 1, 1, 0, 1, 1, -1, 1, 1, -1, -1, 1, 0, -1, -1, 1, -1, -1, -1, 1, 1, 1, -1, 1, -1, 1, 0.05, 6, 0, 0, 0, 0, 5, 3, 15.0, 0, 0, 9, 20, 0, 1]
[1, 0, 1, 1, 1, 1, 0, 1, 1, -1, 1, 1, -1, -1, -1, 0, -1, -1, 1, -1, -1, -1, 1, 1, 1, -1, 1, -1, 1, 0.07, 13, 0, 0, 1, 1, 7, 2, 49.0, 0, 0, 12, 61, 0, 1]
[1, 1, 1, 1, 1, 1, 0, 1, -1, -1, 1, 1, -1, -1, 0, 0, -1, -1, 1, -1, -1, -1, 1, -1, -1, -1, 1, -1, 1, 0.05, 6, 0, 0, 0, 0, 5, 2, 14.0, 0, 0, 8, 19, 0, 1]
[1, 1, 1, 1, 1, 1, 0, -1, 1, 1, 1, 1, -1, -1, 0, 1, -1, -1, 1, -1, -1, -1, 1, 1, 1, -1, 1, -1, 1, 0.0, 5, 0, 0, 0, 0, 6, 2, 17.0, 0, 0, 11, 21, 0, 1]