[1, 1, 1, 1, 1, 1, 0, 1, 1, -1, 1, 1, -1, -1, 0, 1, -1, -1, 1, -1, -1, -1, 1, 1, 1, -1, 1, -1, 1, 0.06, 7, 0, 0, 0, 0, 14, 1, 13.0, 0, 0, 20, 33, 0, -1]
[1, 1, 1, 1, 1, 1, 0, 1, -1, -1, 1, 1, 0, -1, 1, 1, -1, -1, 1, -1, -1, -1, 1, -1, -1, -1, 1, 0, 1, 0.2, 8, 0, 0, 0, 0, 12, 2, 34.0, 0, 0, 22, 41, 0, -1]
[1, 0, 1, 1, 1, -1, 0, -1, 1, -1, 1, 1, -1, -1, 0, 0, -1, -1, 1, -1, -1, -1, 1, 1, 1, -1, 1, -1, 1, 0.41, 15, 0, 0, 0, 0, 9, 1, 7.4, 7, 0, 19, 64, 2, -1]
[1, 0, 1, 1, 1, -1, 0, -1, 1, -1, 1, 1, -1, -1, 0, 0, -1, -1, 1, -1, -1, -1, 1, 1, 1, -1, 1, -1, 1, 0.37, 13, 0, 0, 0, 0, 9, 1, 10.667, 8, 0, 18, 60, 2, -1]
[1, -1, 1, 1, 1, 1, 1, 1, 1, -1, 1, 1, 0, -1, 0, 1, -1, -1, 1, -1, -1, -1, 1, 1, 1, -1, 1, 1, 1, 0.69, 13, 0, 0, 0, 0, 20, 1, 4.176, 0, 0, 23, 106, 0, -1]
[1, -1, 1, 1, 1, 1, 1, 1, 1, -1, 1, 1, 0, -1, 0, 1, -1, -1, 1, -1, -1, -1, 1, 1, 1, -1, 1, 1, 1, 0.65, 12, 0, 0, 0, 0, 20, 1, 6.9, 0, 0, 23, 94, 0, -1]
[1, 1, 1, 1, 1, 1, 1, 1, 1, -1, 1, 1, 0, -1, 0, 1, -1, -1, 1, -1, -1, -1, 1, -1, -1, -1, 1, 1, 1, 0.05, 6, 0, 0, 0, 0, 5, 4, 15.0, 0, 0, 9, 20, 0, -1]
[1, 1, 1, 1, 1, 1, 1, 1, 1, -1, 1, 1, 0, -1, 0, 1, -1, -1, 1, -1, -1, -1, 1, -1, -1, -1, 1, 1, 1, 0.04, 6, 0, 0, 0, 0, 12, 2, 20.0, 0, 0, 14, 25, 0, -1]
[1, -1, 1, 1, 1, 1, 0, 1, 1, -1, 1, 1, -1, -1, 0, 0, -1, -1, 1, -1, -1, -1, 1, -1, -1, -1, 1, -1, 1, 0.05, 9, 0, 0, 1, 1, 23, 1, 1.315, 0, 0, 14, 296, 0, -1]
[1, 1, 1, 1, 1, 1, 0, -1, -1, -1, 1, 1, -1, -1, -1, -1, -1, -1, -1, -1, -1, -1, -1, -1, -1, -1, 1, -1, 1, 0.02, 9, 0, 0, 1, 1, 14, 3, 36.0, 0, 0, 26, 44, 0, -1]
[1, -1, 1, 1, 1, 1, -1, 1, 1, -1, 1, 1, 0, -1, 0, 1, -1, -1, 1, -1, -1, -1, 1, 1, 1, -1, 1, 1, 1, 0.17, 21, 1, 0, 1, 1, 14, 1, 1.788, 0, 0, 16, 127, 0, -1]
[1, 1, 1, 1, 1, -1, 0, -1, -1, -1, 1, 1, -1, -1, -1, -1, -1, -1, -1, -1, -1, -1, -1, -1, -1, -1, 1, -1, 1, 0.28, 9, 0, 0, 0, 0, 7, 3, 8.0, 0, 0, 19, 43, 1, -1]
[1, 1, 1, 1, 1, 1, 1, 1, -1, -1, 1, 1, -1, -1, -1, 1, -1, -1, 1, -1, -1, -1, 1, -1, -1, -1, 1, -1, 1, 0.22, 7, 0, 0, 0, 0, 13, 2, 26.0, 0, 0, 15, 32, 0, -1]
[1, 1, -1, 1, 1, 1, 0, 1, 1, -1, 1, 1, 0, -1, -1, 1, -1, -1, 1, -1, -1, -1, 1, 1, 1, -1, 1, -1, 1, 0.16, 7, 0, 0, 0, 0, 8, 3, 24.0, 1, 0, 14, 31, 0, -1]
[1, 1, 1, 1, 1, 1, 1, 1, 1, -1, 1, 1, 0, -1, 0, 1, -1, -1, 1, -1, -1, -1, 1, -1, -1, -1, 1, 1, 1, 0.12, 7, 0, 0, 0, 0, 30, 3, 7.8, 0, 0, 33, 49, 0, -1]
[1, -1, 1, 1, 1, 1, 1, -1, 1, -1, 1, 1, 0, -1, 0, 1, -1, -1, 1, -1, -1, -1, 1, 1, 1, -1, 1, 1, 1, 0.36, 25, 0, 0, 1, 1, 20, 1, 172.0, 0, 0, 23, 200, 0, -1]
[1, -1, 1, 1, 1, 1, 1, -1, 1, -1, 1, 1, 0, -1, 0, 1, -1, -1, 1, -1, -1, -1, 1, 1, 1, -1, 1, 1, 1, 0.36, 25, 0, 0, 1, 1, 20, 1, 171.0, 0, 0, 23, 200, 0, -1]
[1, -1, 1, 1, 1, 1, 1, -1, 1, -1, 1, 1, 0, -1, 0, 1, -1, -1, 1, -1, -1, -1, 1, 1, 1, -1, 1, 1, 1, 0.7, 14, 0, 0, 0, 0, 20, 1, 87.0, 0, 0, 23, 105, 0, -1]
[1, -1, 1, 1, 1, 1, 1, -1, 1, -1, 1, 1, 0, -1, 0, 1, -1, -1, 1, -1, -1, -1, 1, 1, 1, -1, 1, 1, 1, 0.7, 14, 0, 0, 0, 0, 20, 1, 88.0, 0, 0, 23, 105, 0, -1]
[1, -1, 1, 1, 1, 1, 1, -1, 1, -1, 1, 1, 0, -1, 0, 1, -1, -1, 1, -1, -1, -1, 1, 1, 1, -1, 1, 1, 1, 0.32, 25, 0, 0, 1, 1, 20, 2, 162.0, 0, 0, 23, 188, 0, -1]
[1, -1, 1, 1, 1, 1, 1, -1, 1, -1, 1, 1, 0, -1, 0, 1, -1, -1, 1, -1, -1, -1, 1, 1, 1, -1, 1, 1, 1, 0.7, 14, 0, 0, 0, 0, 20, 2, 89.0, 0, 0, 23, 105, 0, -1]
[1, 0, 1, 1, 1, 1, 1, -1, 1, -1, 1, 1, 0, -1, 0, 1, -1, -1, 1, -1, -1, -1, 1, 1, 1, -1, 1, 1, 1, 0.56, 13, 0, 0, 0, 0, 20, 2, 60.0, 0, 0, 23, 73, 0, -1]
[1, -1, 1, 1, 1, 1, 1, -1, 1, -1, 1, 1, 0, -1, 0, 1, -1, -1, 1, -1, -1, -1, 1, 1, 1, -1, 1, 1, 1, 0.7, 14, 0, 0, 0, 0, 20, 1, 86.0, 0, 0, 23, 105, 0, -1]
[1, 0, 1, 1, 1, -1, -1, 1, 1, -1, 1, 1, 0, -1, 0, 1, -1, -1, 1, -1, -1, -1, 1, 1, 1, -1, 1, 1, 1, 0.2, 12, 0, 0, 0, 0, 8, 2, 40.0, 14, 0, 26, 69, 2, -1]
[1, 1, 1, 1, 1, -1, 0, 1, -1, -1, 1, 1, 0, -1, 1, 1, -1, -1, 1, -1, -1, -1, 1, -1, -1, -1, 1, 0, 1, 0.02, 8, 0, 0, 0, 0, 19, 2, 42.0, 0, 0, 36, 49, 1, -1]
[1, 1, 1, 1, 1, 1, -1, -1, 1, -1, 1, 1, -1, -1, -1, -1, -1, -1, -1, -1, -1, -1, -1, 1, 1, -1, 1, -1, 1, 0.03, 9, 0, 0, 0, 0, 7, 1, 22.0, 10, 0, 16, 40, 0, -1]
[1, 1, 1, 1, 1, -1, 1, 1, 1, 1, 1, 1, 0, -1, -1, 1, -1, -1, 1, -1, -1, -1, 1, -1, -1, -1, 1, -1, 1, 0.04, 8, 0, 0, 0, 0, 5, 2, 19.0, 0, 0, 13, 26, 2, -1]
[1, 1, 1, 1, 1, 1, -1, -1, 1, -1, 1, 1, 0, -1, 0, 1, -1, -1, 1, -1, -1, -1, 1, 1, 1, -1, 1, 1, 1, 0.05, 8, 0, 0, 0, 0, 4, 4, 5.0, 9, 0, 0, 21, 0, -1]
[1, 1, 1, 1, 1, 1, 0, -1, -1, -1, 1, 1, -1, -1, -1, -1, -1, -1, -1, -1, -1, -1, -1, -1, -1, -1, 1, -1, 1, 0.61, 9, 0, 0, 0, 0, 10, 2, 38.0, 0, 0, 8, 46, 0, -1]
[1, 1, 1, 1, 1, 1, 0, -1, 1, -1, 1, 1, 0, -1, -1, 1, -1, -1, 1, -1, -1, -1, 1, 1, 1, -1, 1, 1, 1, 0.03, 7, 0, 0, 0, 0, 14, 3, 31.0, 0, 0, 26, 37, 0, -1]
[1, 1, 1, 1, 1, 1, -1, -1, 1, -1, 1, 1, 0, -1, 0, 1, -1, -1, 1, -1, -1, -1, 1, 1, 1, -1, 1, 1, 1, 0.03, 8, 0, 0, 0, 0, 6, 3, 18.0, 9, 0, 13, 34, 0, -1]
[1, 1, 1, 1, 1, -1, 1, -1, 1, -1, 1, 1, -1, -1, -1, -1, -1, -1, -1, -1, -1, -1, -1, -1, -1, -1, 1, -1, 1, 0.03, 7, 0, 0, 0, 0, 12, 3, 29.0, 0, 0, 24, 35, 1, -1]
[1, 0, 1, 1, 1, -1, -1, -1, 1, -1, 1, 1, 0, -1, 0, 1, -1, -1, 1, -1, -1, -1, 1, 1, 1, -1, 1, 1, 1, 0.21, 12, 0, 0, 0, 0, 9, 2, 52.0, 10, 0, 33, 73, 2, -1]
[1, -1, 1, -1, 1, -1, -1, 1, 1, -1, 1, 1, 0, -1, 1, 0, -1, -1, 1, -1, -1, -1, 1, 1, 1, -1, 1, 0, 1, 0.18, 13, 0, 0, 1, 1, 9, 1, 51.0, 19, 0, 21, 83, 1, -1]
[1, 1, 1, 1, 1, -1, 0, -1, -1, -1, 1, 1, -1, -1, -1, -1, -1, -1, -1, -1, -1, -1, -1, -1, -1, -1, 1, -1, 1, 0.38, 10, 0, 0, 0, 0, 9, 3, 20.0, 0, 0, 19, 50, 1, -1]
[1, 0, 1, 1, 1, -1, -1, -1, -1, -1, 1, 1, -1, -1, -1, -1, -1, -1, -1, -1, -1, -1, -1, -1, -1, -1, 1, -1, 1, 0.45, 11, 0, 0, 0, 0, 7, 3, 22.5, 0, 0, 19, 56, 1, -1]
[1, 0, 1, 1, 1, -1, -1, -1, -1, -1, 1, 1, -1, -1, -1, -1, -1, -1, -1, -1, -1, -1, -1, -1, -1, -1, 1, -1, 1, 0.47, 11, 0, 0, 0, 0, 9, 3, 24.0, 0, 0, 19, 59, 1, -1]
[1, 1, 1, 1, 1, -1, 0, -1, -1, -1, 1, 1, -1, -1, -1, -1, -1, -1, -1, -1, -1, -1, -1, -1, -1, -1, 1, -1, 1, 0.34, 10, 0, 0, 0, 0, 7, 3, 18.5, 0, 0, 19, 47, 1, -1]
[1, 1, 1, 1, 1, -1, 0, -1, -1, -1, 1, 1, -1, -1, -1, -1, -1, -1, -1, -1, -1, -1, -1, -1, -1, -1, 1, -1, 1, 0.35, 10, 0, 0, 0, 0, 7, 3, 19.0, 0, 0, 19, 48, 1, -1]
[1, -1, 1, 1, 1, 1, -1, -1, 1, -1, 1, 1, -1, -1, -1, -1, -1, -1, -1, -1, -1, -1, -1, 1, 1, -1, 1, -1, 1, 0.8, 16, 0, 0, 0, 0, 19, 1, 1.344, 8, 0, 0, 102, 0, -1]
[1, -1, 1, 1, 1, 1, -1, -1, 1, -1, 1, 1, -1, -1, -1, -1, -1, -1, -1, -1, -1, -1, -1, 1, 1, -1, 1, -1, 1, 0.8, 16, 0, 0, 0, 0, 19, 1, 1.194, 10, 0, 0, 108, 0, -1]
[1, -1, 1, 1, 1, 1, -1, -1, 1, -1, 1, 1, -1, -1, -1, -1, -1, -1, -1, -1, -1, -1, -1, 1, 1, -1, 1, -1, 1, 0.81, 16, 0, 0, 0, 0, 19, 1, 1.194, 8, 0, 0, 106, 0, -1]
[1, -1, 1, 1, 1, 1, -1, -1, 1, -1, 1, 1, -1, -1, -1, -1, -1, -1, -1, -1, -1, -1, -1, 1, 1, -1, 1, -1, 1, 0.8, 16, 0, 0, 0, 0, 19, 1, 1.194, 10, 0, 0, 108, 0, -1]
[1, -1, 1, 1, 1, 1, -1, -1, 1, -1, 1, 1, -1, -1, -1, -1, -1, -1, -1, -1, -1, -1, -1, 1, 1, -1, 1, -1, 1, 0.79, 16, 0, 0, 0, 0, 19, 1, 1.229, 10, 0, 0, 107, 0, -1]
[1, -1, 1, 1, 1, 1, -1, -1, 1, -1, 1, 1, -1, -1, -1, -1, -1, -1, -1, -1, -1, -1, -1, 1, 1, -1, 1, -1, 1, 0.81, 16, 0, 0, 0, 0, 19, 1, 1.194, 8, 0, 0, 106, 0, -1]
[1, 1, -1, 1, 1, 1, 0, -1, 1, -1, 1, 1, 0, -1, 0, 1, -1, -1, 1, -1, -1, -1, 1, 1, 1, -1, 1, 1, 1, 0.04, 7, 0, 0, 0, 0, 8, 3, 19.0, 1, 0, 14, 26, 0, -1]
[1, -1, 1, 1, 1, 1, -1, -1, 1, -1, 1, 1, -1, -1, -1, -1, -1, -1, -1, -1, -1, -1, -1, 1, 1, -1, 1, -1, 1, 0.81, 16, 0, 0, 0, 0, 19, 1, 1.229, 8, 0, 0, 105, 0, -1]
[1, -1, 1, 1, 1, 1, -1, -1, 1, -1, 1, 1, -1, -1, -1, -1, -1, -1, -1, -1, -1, -1, -1, 1, 1, -1, 1, -1, 1, 0.79, 16, 0, 0, 0, 0, 19, 1, 1.344, 10, 0, 0, 104, 0, -1]
[1, 1, 1, 1, 1, -1, 0, 1, 1, 1, 1, 1, 0, -1, 0, 1, -1, -1, 1, -1, -1, -1, 1, 1, 1, -1, 1, 1, 1, 0.03, 8, 0, 0, 0, 0, 11, 3, 28.0, 0, 0, 22, 35, 1, -1]
[1, -1, 1, 1, 1, 1, 0, -1, -1, -1, 1, 1, -1, -1, -1, -1, -1, -1, -1, -1, -1, -1, -1, -1, -1, -1, 1, -1, 1, 0.08, 10, 1, 0, 1, 1, 18, 1, 56.0, 0, 0, 28, 91, 0, -1]
[1, -1, 1, 1, 1, 1, 0, -1, -1, -1, 1, 1, -1, -1, -1, -1, -1, -1, -1, -1, -1, -1, -1, -1, -1, -1, 1, -1, 1, 0.08, 10, 1, 0, 1, 1, 14, 1, 56.0, 0, 0, 26, 89, 0, -1]
[1, 1, 1, 1, 1, 1, 1, -1, 1, -1, 1, 1, 0, -1, 0, 1, -1, -1, 1, -1, -1, -1, 1, -1, -1, -1, 1, 1, 1, 0.03, 6, 0, 0, 0, 0, 23, 3, 31.0, 0, 0, 26, 36, 0, -1]
[1, -1, 1, 1, 1, 1, 1, 1, 1, -1, 1, 1, -1, -1, 1, 0, -1, -1, 0, -1, -1, -1, 1, -1, -1, -1, 1, -1, 1, 0.67, 14, 0, 0, 1, 1, 15, 1, 10.214, 0, 0, 15, 202, 0, -1]
[1, 1, 1, 1, 1, 1, 0, 1, 1, 1, 1, 1, 0, -1, 1, 1, -1, -1, 1, -1, -1, -1, 1, 1, 1, -1, 1, 1, 1, 0.03, 7, 0, 0, 0, 0, 12, 3, 29.0, 0, 0, 23, 35, 0, -1]
[1, -1, 1, 1, 1, 1, -1, -1, 1, -1, 1, 1, -1, -1, -1, -1, -1, -1, -1, -1, -1, -1, -1, 1, 1, -1, 1, -1, 1, 0.83, 17, 0, 0, 0, 0, 19, 1, 1.417, 8, 0, 0, 115, 0, -1]
[1, -1, 1, 1, 1, 1, -1, -1, 1, -1, 1, 1, -1, -1, -1, -1, -1, -1, -1, -1, -1, -1, -1, 1, 1, -1, 1, -1, 1, 0.82, 17, 0, 0, 0, 0, 19, 1, 1.457, 8, 0, 0, 114, 0, -1]
[1, -1, 1, 1, 1, 1, -1, -1, 1, -1, 1, 1, -1, -1, -1, -1, -1, -1, -1, -1, -1, -1, -1, 1, 1, -1, 1, -1, 1, 0.83, 17, 0, 0, 0, 0, 19, 1, 1.417, 8, 0, 0, 115, 0, -1]
[1, -1, 1, 1, 1, 1, -1, -1, 1, -1, 1, 1, -1, -1, -1, -1, -1, -1, -1, -1, -1, -1, -1, 1, 1, -1, 1, -1, 1, 0.82, 17, 0, 0, 0, 0, 19, 1, 1.594, 8, 0, 0, 111, 0, -1]
[1, 1, 1, 1, 1, 1, -1, -1, 1, -1, 1, 1, 0, -1, 0, 1, -1, -1, 1, -1, -1, -1, 1, 1, 1, -1, 1, 1, 1, 0.05, 8, 0, 0, 0, 0, 4, 4, 5.0, 9, 0, 0, 21, 0, -1]
[1, -1, -1, 1, 1, 1, 0, -1, 1, -1, 1, 1, 0, -1, 1, 1, -1, -1, 0, -1, -1, -1, 1, -1, -1, -1, 1, 1, 1, 0.53, 8, 0, 0, 0, 0, 19, 1, 3.267, 0, 0, 26, 76, 0, -1]
[1, 0, 1, 1, 1, 1, -1, -1, 1, -1, 1, 1, 0, -1, 1, 1, -1, -1, 0, -1, -1, -1, 1, 1, 1, -1, 1, 1, 1, 0.55, 9, 0, 0, 0, 0, 10, 1, 3.214, 0, 0, 22, 73, 0, -1]
[1, 0, 1, 1, 1, 1, -1, -1, 1, -1, 1, 1, 0, -1, 1, 1, -1, -1, 0, -1, -1, -1, 1, 1, 1, -1, 1, 1, 1, 0.55, 9, 0, 0, 0, 0, 10, 2, 3.538, 0, 0, 22, 73, 0, -1]
[1, 0, 1, 1, 1, 1, -1, -1, 1, -1, 1, 1, 0, -1, 1, 1, -1, -1, 0, -1, -1, -1, 1, 1, 1, -1, 1, 1, 1, 0.55, 9, 0, 0, 0, 0, 13, 2, 2.2, 0, 0, 22, 73, 0, -1]
[1, 0, 1, 1, 1, 1, -1, -1, 1, -1, 1, 1, 0, -1, 1, 1, -1, -1, 0, -1, -1, -1, 1, 1, 1, -1, 1, 1, 1, 0.55, 9, 0, 0, 0, 0, 12, 2, 5.3, 0, 0, 22, 73, 0, -1]
[1, 0, 1, 1, 1, 1, -1, -1, 1, -1, 1, 1, 0, -1, 1, 1, -1, -1, 0, -1, -1, -1, 1, 1, 1, -1, 1, 1, 1, 0.55, 9, 0, 0, 0, 0, 10, 1, 3.538, 0, 0, 22, 73, 0, -1]
[1, 0, 1, 1, 1, 1, -1, 1, 1, -1, 1, 1, 0, -1, 1, 1, -1, -1, 0, -1, -1, -1, 1, 1, 1, -1, 1, 1, 1, 0.54, 9, 0, 0, 0, 0, 10, 1, 2.647, 0, 0, 22, 74, 0, -1]
[1, 0, 1, 1, 1, 1, -1, 1, 1, -1, 1, 1, 0, -1, 1, 1, -1, -1, 0, -1, -1, -1, 1, 1, 1, -1, 1, 1, 1, 0.54, 9, 0, 0, 0, 0, 14, 2, 2.263, 0, 0, 22, 74, 0, -1]
[1, 0, 1, 1, 1, 1, -1, -1, 1, -1, 1, 1, 0, -1, 1, 1, -1, -1, 0, -1, -1, -1, 1, 1, 1, -1, 1, 1, 1, 0.55, 9, 0, 0, 0, 0, 21, 2, 4.333, 0, 0, 22, 73, 0, -1]
[1, 0, 1, 1, 1, 1, -1, -1, 1, -1, 1, 1, 0, -1, 1, 1, -1, -1, 0, -1, -1, -1, 1, 1, 1, -1, 1, 1, 1, 0.55, 9, 0, 0, 0, 0, 10, 1, 3.75, 0, 0, 22, 73, 0, -1]
[1, 0, 1, 1, 1, 1, -1, -1, 1, -1, 1, 1, 0, -1, 1, 1, -1, -1, 0, -1, -1, -1, 1, 1, 1, -1, 1, 1, 1, 0.55, 9, 0, 0, 0, 0, 10, 2, 2.529, 0, 0, 22, 73, 0, -1]
[1, 0, 1, 1, 1, 1, -1, -1, 1, -1, 1, 1, 0, -1, 1, 1, -1, -1, 0, -1, -1, -1, 1, 1, 1, -1, 1, 1, 1, 0.55, 9, 0, 0, 0, 0, 10, 1, 3.615, 0, 0, 22, 73, 0, -1]
[1, -1, -1, 1, 1, 1, 0, -1, 1, -1, 1, 1, 0, -1, 0, 1, -1, -1, 1, -1, -1, -1, 1, -1, -1, -1, 1, 1, 1, 0.53, 8, 0, 0, 0, 0, 19, 1, 3.133, 0, 0, 26, 76, 0, -1]
[1, 0, 1, 1, 1, -1, 0, 1, 1, -1, 1, 1, 0, -1, 1, 1, -1, -1, 1, -1, -1, -1, 1, 1, 1, -1, 1, 1, 1, 0.02, 13, 0, 0, 0, 0, 10, 1, 35.0, 9, 0, 29, 56, 6, -1]
[1, 1, 1, 1, 1, 1, 1, -1, 1, -1, 1, 1, -1, -1, -1, 1, -1, -1, 1, -1, -1, -1, 1, 1, 1, -1, 1, -1, 1, 0.26, 6, 0, 0, 0, 0, 4, 1, 13.0, 0, 0, 5, 19, 0, -1]
[1, -1, 1, 1, 1, 1, 0, 1, 1, -1, 1, 1, 0, -1, 0, 1, -1, -1, 1, -1, -1, -1, 1, 1, 1, -1, 1, 1, 1, 0.83, 10, 0, 0, 0, 0, 15, 2, 37.5, 0, 0, 6, 95, 0, -1]
[1, 1, 1, 1, 1, 1, 1, -1, 1, -1, 1, 1, 0, -1, 0, 1, -1, -1, 1, -1, -1, -1, 1, 1, 1, -1, 1, 1, 1, 0.13, 7, 0, 0, 0, 0, 15, 2, 25.0, 0, 0, 18, 31, 0, -1]
[1, 0, 1, 1, 1, -1, 0, -1, -1, -1, 1, 1, -1, -1, -1, -1, -1, -1, -1, -1, -1, -1, -1, -1, -1, -1, 1, -1, 1, 0.43, 11, 0, 0, 0, 0, 16, 3, 55.0, 0, 0, 26, 65, 1, -1]
[1, 0, 1, 1, 1, -1, -1, 1, 1, -1, 1, 1, 0, -1, 1, 1, -1, -1, 1, -1, -1, -1, 1, 1, 1, -1, 1, 1, 1, 0.24, 9, 0, 0, 0, 0, 10, 1, 11.333, 24, 0, 16, 68, 1, -1]
[1, -1, 1, 1, 1, 1, -1, 1, 1, -1, 1, 1, 0, -1, 0, 1, -1, -1, 1, -1, -1, -1, 1, 1, 1, -1, 1, 1, 1, 0.13, 9, 0, 0, 0, 0, 20, 1, 80.0, 7, 0, 64, 95, 0, -1]
[1, 1, 1, 1, 1, -1, -1, -1, -1, -1, 1, 1, -1, -1, -1, -1, -1, -1, -1, -1, -1, -1, -1, -1, -1, -1, 1, -1, 1, 0.03, 9, 0, 0, 0, 0, 8, 2, 27.0, 0, 0, 21, 35, 1, -1]
[1, 0, -1, 1, 1, 1, 1, 1, 1, -1, 1, 1, 0, -1, 0, 1, -1, -1, 1, -1, -1, -1, 1, -1, -1, -1, 1, 1, 1, 0.56, 7, 0, 0, 0, 0, 19, 3, 2.0, 0, 0, 22, 72, 0, -1]
[1, 0, -1, 1, 1, 1, 1, -1, 1, -1, 1, 1, 0, -1, 1, 1, -1, -1, 0, -1, -1, -1, 1, -1, -1, -1, 1, 1, 1, 0.56, 7, 0, 0, 0, 0, 19, 3, 3.067, 0, 0, 22, 71, 0, -1]
[1, 1, 1, 1, 1, -1, 0, 1, 1, 1, 1, 1, -1, -1, 1, 1, -1, -1, 1, -1, -1, -1, 1, 1, 1, -1, 1, 1, 1, 0.02, 8, 0, 0, 0, 0, 13, 3, 39.0, 0, 0, 33, 46, 1, -1]
[1, -1, 1, 1, 1, -1, -1, -1, -1, -1, 1, 1, 0, -1, 0, 1, -1, -1, 1, -1, -1, -1, 1, -1, -1, -1, 1, 1, 1, 0.43, 17, 0, 0, 1, 1, 9, 1, 57.0, 11, 0, 24, 95, 4, -1]
[1, 0, 1, 1, 1, 1, -1, -1, 1, -1, 1, 1, 0, -1, 0, 1, -1, -1, 1, -1, -1, -1, 1, 1, 1, -1, 1, 1, 1, 0.59, 12, 0, 0, 0, 0, 11, 3, 53.0, 0, 0, 17, 66, 0, -1]
[1, 1, 1, 1, 1, 1, 0, 1, 1, -1, 1, 1, 0, -1, 0, 1, -1, -1, 1, -1, -1, -1, 1, 1, 1, -1, 1, 0, 1, 0.04, 7, 0, 0, 0, 0, 7, 2, 21.0, 1, 0, 15, 28, 0, -1]
[1, 0, 1, 1, 1, -1, 0, -1, -1, -1, -1, 1, -1, -1, -1, -1, -1, -1, -1, -1, -1, -1, -1, -1, -1, -1, 1, -1, 1, 0.32, 14, 0, 0, 0, 0, 7, 1, 13.5, 17, 0, 11, 60, 1, -1]
[1, 1, 1, 1, 1, 1, -1, -1, 1, 1, 1, 1, 0, -1, -1, 1, -1, -1, 1, -1, -1, -1, 1, 1, 1, -1, 1, -1, 1, 0.2, 10, 0, 0, 0, 0, 12, 1, 30.0, 7, 0, 19, 46, 0, -1]
[1, 1, 1, 1, 1, -1, 1, -1, 1, -1, 1, 1, 0, -1, 0, 1, -1, -1, 1, -1, -1, -1, 1, 1, 1, -1, 1, 1, 1, 0.45, 9, 0, 0, 0, 0, 9, 2, 32.0, 0, 0, 12, 40, 1, -1]
[1, 0, 1, 1, 1, -1, -1, 1, -1, -1, 1, 1, 0, -1, 1, 1, -1, -1, 1, -1, -1, -1, 1, -1, -1, -1, 1, 1, 1, 0.38, 13, 0, 0, 1, 1, 12, 1, 52.0, 0, 0, 21, 64, 1, -1]
[1, 1, 1, 1, 1, 1, 1, 1, 1, -1, 1, 1, 0, -1, 1, 1, -1, -1, 0, -1, -1, -1, 1, 1, 1, -1, 1, 1, 1, 0.04, 6, 0, 0, 0, 0, 13, 3, 22.0, 0, 0, 16, 27, 0, -1]
[1, 1, 1, 1, 1, 1, 0, -1, 1, -1, 1, 1, 0, -1, 0, 1, -1, -1, 1, -1, -1, -1, 1, 1, 1, -1, 1, 1, 1, 0.21, 8, 0, 0, 0, 0, 4, 2, 16.0, 0, 0, 9, 24, 0, -1]
[1, -1, 1, 1, 1, -1, -1, -1, 1, -1, 1, 1, 0, -1, 0, 1, -1, -1, 1, -1, -1, -1, 1, 1, 1, -1, 1, 1, 1, 0.19, 13, 0, 0, 0, 0, 10, 2, 55.0, 17, 0, 36, 84, 3, -1]
[1, -1, 1, 1, 1, 1, -1, -1, -1, -1, 1, 1, -1, -1, 1, 1, -1, -1, 1, -1, -1, -1, 1, -1, -1, -1, 1, 0, 1, 0.59, 15, 0, 0, 0, 0, 12, 2, 66.0, 0, 0, 22, 81, 0, -1]
[1, 0, 1, 1, 1, 1, -1, 1, 1, 1, 1, 1, 0, -1, -1, 1, -1, -1, 1, -1, -1, -1, 1, 1, 1, -1, 1, -1, 1, 0.4, 10, 0, 0, 0, 0, 12, 1, 5.857, 7, 0, 19, 63, 0, -1]
[1, 1, 1, 1, 1, -1, -1, -1, 1, -1, 1, 1, 0, -1, 0, 1, -1, -1, 1, -1, -1, -1, 1, 1, 1, -1, 1, 1, 1, 0.31, 11, 0, 0, 0, 0, 9, 2, 35.0, 4, 0, 17, 49, 2, -1]
[1, 1, 1, 1, 1, 1, 1, -1, 1, -1, 1, 1, -1, -1, 1, 0, -1, -1, 1, -1, -1, -1, 1, 1, 1, -1, 1, 1, 1, 0.48, 9, 0, 1, 0, 0, 4, 2, 14.0, 0, 0, 5, 27, 0, -1]
[1, 0, 1, 1, 1, 1, -1, -1, -1, -1, 1, 1, 0, -1, 1, 1, -1, -1, 1, -1, -1, -1, 1, -1, -1, -1, 1, 0, 1, 0.02, 8, 0, 0, 0, 0, 25, 2, 47.0, 0, 0, 42, 54, 0, -1]
[1, 1, 1, 1, 1, -1, 0, -1, -1, -1, 1, 1, 0, -1, 1, 1, -1, -1, 1, -1, -1, -1, 1, -1, -1, -1, 1, 0, 1, 0.15, 8, 0, 0, 0, 0, 12, 2, 4.667, 0, 0, 23, 40, 1, -1]
[1, 1, 1, 1, 1, 1, -1, -1, 1, -1, 1, 1, -1, -1, 1, 1, -1, -1, 1, -1, -1, -1, 1, 1, 1, -1, 1, -1, 1, 0.27, 9, 0, 0, 0, 0, 6, 2, 22.0, 0, 0, 11, 30, 0, -1]
[1, 1, 1, 1, 1, -1, -1, -1, 1, -1, 1, 1, 0, -1, 0, 1, -1, -1, 1, -1, -1, -1, 1, 1, 1, -1, 1, 1, 1, 0.26, 11, 0, 0, 0, 0, 6, 2, 33.0, 4, 0, 18, 47, 2, -1]
[1, 1, 1, 1, 1, 1, -1, -1, 1, -1, 1, 1, -1, -1, 1, 0, -1, -1, 1, -1, -1, -1, 1, 1, 1, -1, 1, 1, 1, 0.55, 13, 0, 1, 0, 0, 4, 2, 23.0, 0, 0, 8, 40, 0, -1]
[1, 1, 1, 1, 1, 1, 0, -1, 1, -1, 1, 1, 0, -1, -1, 1, -1, -1, 1, -1, -1, -1, 1, 1, 1, -1, 1, 1, 1, 0.38, 10, 0, 0, 0, 0, 10, 3, 21.0, 0, 0, 22, 52, 0, -1]
[1, 1, 1, 1, 1, 1, 0, -1, -1, -1, 1, 1, -1, -1, 0, 1, -1, -1, 1, -1, -1, -1, 1, -1, -1, -1, 1, -1, 1, 0.37, 8, 0, 0, 0, 0, 7, 2, 31.0, 0, 0, 14, 38, 0, -1]
[1, 1, 1, 1, 1, -1, 0, -1, -1, -1, 1, 1, -1, -1, 0, 1, -1, -1, 1, -1, -1, -1, 1, -1, -1, -1, 1, -1, 1, 0.4, 11, 0, 0, 0, 0, 10, 2, 42.0, 0, 0, 20, 52, 1, -1]
[1, 1, 1, 1, 1, -1, 0, -1, -1, -1, 1, 1, -1, -1, 0, 1, -1, -1, 1, -1, -1, -1, 1, -1, -1, -1, 1, -1, 1, 0.23, 9, 0, 0, 0, 0, 7, 2, 31.0, 0, 0, 19, 39, 1, -1]
[1, -1, 1, 1, 1, -1, 0, -1, 1, -1, 1, 1, -1, -1, 1, 1, -1, -1, 1, -1, -1, -1, 1, 1, 1, -1, 1, 0, 1, 0.38, 30, 0, 0, 1, 1, 12, 1, 5.067, 0, 0, 18, 137, 1, -1]
[1, 1, 1, 1, 1, 1, 0, -1, 1, -1, 1, 1, 0, -1, 0, 1, -1, -1, 1, -1, -1, -1, -1, 1, 1, -1, 1, 1, 1, 0.47, 11, 0, 0, 0, 0, 9, 3, 12.5, 0, 0, 12, 40, 0, -1]
[1, 0, 1, 1, 1, 1, 0, -1, 1, 1, 1, 1, -1, -1, -1, 1, -1, -1, 1, -1, -1, -1, 1, 1, 1, -1, 1, -1, 1, 0.62, 11, 0, 0, 0, 0, 9, 3, 46.0, 0, 0, 12, 56, 0, -1]
[1, 1, 1, 1, 1, -1, 1, -1, -1, -1, 1, 1, 0, -1, 0, 1, -1, -1, 1, -1, -1, -1, 1, -1, -1, -1, 1, 1, 1, 0.21, 12, 0, 0, 0, 0, 5, 1, 25.0, 5, 0, 15, 43, 5, -1]
[1, -1, 1, 1, 1, 1, 0, -1, -1, -1, 1, 1, -1, -1, -1, 1, -1, -1, 1, -1, -1, -1, 1, -1, -1, -1, 1, -1, 1, 0.78, 17, 0, 0, 0, 0, 10, 2, 76.0, 0, 0, 10, 92, 0, -1]
[1, -1, 1, 1, 1, 1, 0, -1, -1, -1, 1, 1, -1, -1, -1, 1, -1, -1, 1, -1, -1, -1, 1, -1, -1, -1, 1, -1, 1, 0.79, 19, 0, 0, 0, 0, 8, 2, 76.0, 0, 0, 10, 94, 0, -1]
[1, -1, 1, 1, 1, 1, 0, 1, -1, -1, 1, 1, -1, -1, 1, 0, -1, -1, 1, -1, -1, -1, 1, -1, -1, -1, 1, -1, 1, 0.26, 22, 0, 0, 0, 0, 18, 1, 2.303, 0, 0, 10, 265, 0, -1]
[1, -1, 1, 1, 1, 1, 0, 1, -1, -1, 1, 1, -1, -1, 1, 0, -1, -1, 1, -1, -1, -1, 1, -1, -1, -1, 1, -1, 1, 0.25, 20, 0, 0, 0, 0, 23, 1, 1.986, 0, 0, 10, 264, 0, -1]
[1, -1, 1, 1, 1, 1, 0, 1, -1, -1, 1, 1, -1, -1, 1, 0, -1, -1, 1, -1, -1, -1, 1, -1, -1, -1, 1, -1, 1, 0.25, 22, 0, 0, 0, 0, 16, 1, 2.439, 0, 0, 10, 274, 0, -1]
[1, -1, 1, 1, 1, 1, 0, 1, -1, -1, 1, 1, -1, -1, 1, 0, -1, -1, 1, -1, -1, -1, 1, -1, -1, -1, 1, -1, 1, 0.24, 22, 0, 0, 0, 0, 17, 1, 1.667, 0, 0, 10, 296, 0, -1]
[1, -1, 1, 1, 1, 1, 0, 1, -1, -1, 1, 1, -1, -1, 1, 0, -1, -1, 1, -1, -1, -1, 1, -1, -1, -1, 1, -1, 1, 0.23, 22, 0, 0, 0, 0, 18, 1, 1.739, 0, 0, 10, 286, 0, -1]
[1, -1, 1, 1, 1, -1, -1, -1, -1, -1, 1, 1, 0, -1, 0, 1, -1, -1, 1, -1, -1, -1, 1, -1, -1, -1, 1, 1, 1, 0.43, 17, 0, 0, 1, 1, 9, 1, 56.0, 11, 0, 24, 95, 4, -1]
[1, -1, 1, 1, 1, -1, -1, -1, -1, -1, 1, 1, 0, -1, 0, 1, -1, -1, 1, -1, -1, -1, 1, -1, -1, -1, 1, 1, 1, 0.45, 17, 0, 0, 1, 1, 7, 1, 57.0, 11, 0, 21, 92, 4, -1]
[1, 1, 1, 1, 1, -1, 0, -1, 1, -1, 1, 1, 0, -1, 0, 1, -1, -1, 1, -1, -1, -1, 1, -1, -1, -1, 1, 1, 1, 0.04, 8, 0, 0, 0, 0, 7, 2, 21.0, 0, 0, 16, 28, 1, -1]
[1, 0, 1, 1, 1, -1, 0, -1, -1, -1, -1, 1, -1, -1, -1, -1, -1, -1, -1, -1, -1, -1, -1, -1, -1, -1, 1, -1, 1, 0.32, 14, 0, 0, 0, 0, 7, 1, 13.5, 17, 0, 11, 60, 1, -1]
[1, 1, 1, 1, 1, 1, 0, -1, -1, -1, 1, 1, 0, -1, 0, 1, -1, -1, 1, -1, -1, -1, 1, -1, -1, -1, 1, 1, 1, 0.04, 7, 0, 0, 0, 0, 6, 3, 19.0, 2, 0, 14, 27, 0, -1]
[1, 0, 1, 1, 1, 1, -1, 1, -1, -1, 1, 1, 0, -1, 1, 1, -1, -1, 1, -1, -1, -1, 1, -1, -1, -1, 1, 0, 1, 0.01, 10, 0, 0, 1, 1, 15, 1, 4.8, 4, 0, 26, 71, 0, -1]
[1, 1, 1, 1, 1, 1, -1, -1, -1, -1, 1, 1, 0, -1, 1, 0, -1, -1, 1, -1, -1, -1, 1, -1, -1, -1, 1, 1, 1, 0.02, 8, 0, 0, 0, 0, 16, 2, 37.0, 0, 0, 32, 44, 0, -1]
[1, -1, 1, 1, 1, 1, 0, -1, 1, 1, 1, 1, -1, -1, -1, 1, -1, -1, 1, -1, -1, -1, 1, 1, 1, -1, 1, 0, 1, 0.4, 30, 0, 0, 1, 1, 49, 2, 197.0, 0, 0, 14, 236, 0, -1]
[1, 1, 1, 1, 1, 1, 1, 1, 1, -1, 1, 1, -1, -1, 1, 1, -1, -1, 1, -1, -1, -1, 1, 1, 1, -1, 1, 1, 1, 0.29, 6, 0, 0, 0, 0, 5, 1, 13.0, 0, 0, 5, 21, 0, -1]
[1, 1, 1, 1, 1, 1, 0, 1, -1, -1, 1, 1, 0, -1, 0, 1, -1, -1, 1, -1, -1, -1, 1, -1, -1, -1, 1, 1, 1, 0.03, 7, 0, 0, 0, 0, 7, 4, 24.0, 1, 0, 18, 31, 0, -1]
[1, -1, 1, 1, 1, -1, -1, 1, 1, -1, 1, 1, 0, -1, 0, 1, -1, -1, 1, -1, -1, -1, 1, -1, -1, -1, 1, 1, 1, 0.77, 17, 0, 0, 0, 0, 19, 1, 1.914, 0, 0, 16, 122, 1, -1]
[1, 1, 1, 1, 1, 1, 1, -1, 1, -1, 1, 1, -1, -1, -1, -1, -1, -1, -1, -1, -1, -1, -1, -1, -1, -1, 1, -1, 1, 0.23, 6, 0, 0, 0, 0, 8, 1, 7.0, 0, 0, 15, 31, 0, -1]
[1, 1, 1, 1, 1, -1, 1, 1, 1, -1, 1, 1, 0, -1, 0, 1, -1, -1, 1, -1, -1, -1, 1, -1, -1, -1, 1, 1, 1, 0.23, 7, 0, 0, 0, 0, 6, 1, 6.667, 0, 0, 13, 31, 1, -1]
[1, 1, 1, 1, 1, -1, 1, 1, 1, -1, 1, 1, 0, -1, 0, 1, -1, -1, 1, -1, -1, -1, 1, -1, -1, -1, 1, 1, 1, 0.25, 8, 0, 0, 0, 0, 6, 1, 6.667, 0, 0, 13, 32, 1, -1]
[1, 1, 1, 1, 1, 1, 1, -1, 1, -1, 1, 1, -1, -1, -1, -1, -1, -1, -1, -1, -1, -1, -1, -1, -1, -1, 1, -1, 1, 0.24, 7, 0, 0, 0, 0, 8, 1, 7.333, 0, 0, 15, 33, 0, -1]
[1, 1, 1, 1, 1, -1, 1, -1, 1, -1, 1, 1, -1, -1, -1, -1, -1, -1, -1, -1, -1, -1, -1, -1, -1, -1, 1, -1, 1, 0.21, 9, 0, 0, 0, 0, 6, 1, 8.667, 0, 0, 19, 39, 2, -1]
[1, 1, 1, 1, 1, -1, 1, -1, 1, -1, 1, 1, -1, -1, -1, -1, -1, -1, -1, -1, -1, -1, -1, -1, -1, -1, 1, -1, 1, 0.23, 9, 0, 0, 0, 0, 6, 1, 7.333, 0, 0, 15, 35, 2, -1]
[1, 1, 1, 1, 1, -1, 1, 1, -1, -1, 1, 1, 0, -1, 0, 1, -1, -1, 1, -1, -1, -1, 1, -1, -1, -1, 1, 1, 1, 0.26, 8, 0, 0, 0, 0, 5, 1, 6.333, 0, 0, 12, 31, 1, -1]
[1, 1, 1, 1, 1, -1, 1, -1, -1, -1, 1, 1, 0, -1, 0, 1, -1, -1, 1, -1, -1, -1, 1, -1, -1, -1, 1, 1, 1, 0.24, 7, 0, 0, 0, 0, 5, 1, 6.0, 0, 0, 12, 29, 1, -1]
[1, 1, 1, 1, 1, -1, 1, -1, 1, -1, 1, 1, -1, -1, -1, -1, -1, -1, -1, -1, -1, -1, -1, -1, -1, -1, 1, -1, 1, 0.21, 8, 0, 0, 0, 0, 6, 1, 7.0, 0, 0, 15, 33, 2, -1]
[1, -1, 1, 1, 1, -1, -1, 1, 1, -1, 1, 1, 0, -1, 0, 1, -1, -1, 1, -1, -1, -1, 1, -1, -1, -1, 1, 1, 1, 0.76, 17, 0, 0, 0, 0, 19, 1, 2.094, 0, 0, 16, 119, 1, -1]
[1, 1, 1, 1, 1, -1, 1, -1, 1, -1, 1, 1, -1, -1, -1, -1, -1, -1, -1, -1, -1, -1, -1, -1, -1, -1, 1, -1, 1, 0.19, 8, 0, 0, 0, 0, 6, 1, 8.333, 0, 0, 19, 37, 2, -1]
[1, 1, 1, 1, 1, -1, 1, 1, 1, -1, 1, 1, 0, -1, 0, 1, -1, -1, 1, -1, -1, -1, 1, -1, -1, -1, 1, 1, 1, 0.24, 8, 0, 0, 0, 0, 6, 1, 7.333, 0, 0, 15, 34, 1, -1]
[1, 0, 1, 1, 1, -1, -1, 1, 1, -1, 1, 1, 0, -1, 0, 1, -1, -1, 1, -1, -1, -1, 1, 1, 1, -1, 1, 1, 1, 0.15, 10, 0, 0, 0, 0, 13, 1, 13.333, 0, 0, 33, 54, 1, -1]
[1, 1, 1, 1, 1, -1, 1, -1, 1, -1, 1, 1, -1, -1, -1, -1, -1, -1, -1, -1, -1, -1, -1, -1, -1, -1, 1, -1, 1, 0.23, 8, 0, 0, 0, 0, 4, 1, 6.0, 0, 0, 12, 30, 2, -1]
[1, 1, 1, 1, 1, 1, 1, -1, 1, -1, 1, 1, -1, -1, -1, -1, -1, -1, -1, -1, -1, -1, -1, -1, -1, -1, 1, -1, 1, 0.21, 6, 0, 0, 0, 0, 10, 1, 8.0, 0, 0, 18, 34, 0, -1]
[1, 1, 1, 1, 1, -1, 1, -1, 1, -1, 1, 1, -1, -1, -1, -1, -1, -1, -1, -1, -1, -1, -1, -1, -1, -1, 1, -1, 1, 0.25, 9, 0, 0, 0, 0, 5, 1, 6.333, 0, 0, 12, 32, 2, -1]
[1, 1, 1, 1, 1, -1, -1, 1, 1, -1, 1, 1, 0, -1, 0, 1, -1, -1, 1, -1, -1, -1, 1, 1, 1, -1, 1, 1, 1, 0.16, 10, 0, 0, 0, 0, 13, 1, 11.667, 0, 0, 28, 49, 1, -1]
[1, 0, 1, 1, 1, -1, -1, 1, 1, -1, 1, 1, 0, -1, 0, 1, -1, -1, 1, -1, -1, -1, 1, 1, 1, -1, 1, 1, 1, 0.14, 11, 0, 0, 0, 0, 13, 1, 14.333, 0, 0, 36, 58, 1, -1]
[1, -1, 1, 1, 1, -1, -1, 1, 1, -1, 1, 1, 0, -1, 0, 1, -1, -1, 1, -1, -1, -1, 1, -1, -1, -1, 1, 1, 1, 0.77, 17, 0, 0, 0, 0, 19, 1, 1.861, 0, 0, 16, 123, 1, -1]
[1, 0, 1, 1, 1, 1, 1, 1, 1, -1, 1, 1, 0, -1, 0, 1, -1, -1, 1, -1, -1, -1, 1, -1, -1, -1, 1, 1, 1, 0.11, 9, 0, 0, 1, 1, 11, 1, 2.643, 0, 0, 12, 65, 0, -1]
[1, -1, 1, 1, 1, -1, -1, 1, 1, -1, 1, 1, 0, -1, 0, 1, -1, -1, 1, -1, -1, -1, 1, -1, -1, -1, 1, 1, 1, 0.77, 17, 0, 0, 0, 0, 19, 1, 1.861, 0, 0, 16, 123, 1, -1]
[1, 1, 1, 1, 1, -1, 1, -1, 1, -1, 1, 1, 0, -1, 1, 1, -1, -1, 1, -1, -1, -1, 1, 1, 1, -1, 1, -1, 1, 0.48, 9, 0, 0, 0, 0, 9, 3, 34.0, 0, 0, 12, 42, 1, -1]
[1, 1, 1, 1, 1, 1, -1, -1, 1, -1, 1, 1, 0, -1, -1, 1, -1, -1, 1, -1, -1, -1, 1, 1, 1, -1, 1, 1, 1, 0.24, 8, 0, 0, 0, 0, 15, 3, 41.0, 0, 0, 27, 49, 0, -1]
[1, 1, 1, 1, 1, 1, 0, -1, 1, -1, 1, 1, 0, -1, -1, 1, -1, -1, 1, -1, -1, -1, 1, 1, 1, -1, 1, 1, 1, 0.03, 7, 0, 0, 0, 0, 15, 3, 32.0, 0, 0, 27, 38, 0, -1]
[1, 0, 1, 1, 1, -1, 0, 1, 1, 1, 1, 1, -1, -1, 0, 1, -1, -1, 1, -1, -1, -1, 1, 1, 1, -1, 1, 0, 1, 0.35, 11, 0, 0, 0, 0, 5, 1, 35.0, 0, 0, 21, 54, 3, -1]
[1, 0, 1, 1, 1, -1, -1, -1, -1, -1, 1, 1, 0, -1, 0, 1, -1, -1, 1, -1, -1, -1, 1, -1, -1, -1, 1, 1, 1, 0.16, 13, 0, 0, 0, 0, 6, 1, 33.0, 22, 0, 18, 67, 4, -1]
[1, 0, 1, 1, 1, -1, -1, 1, -1, -1, 1, 1, 0, -1, 1, 1, -1, -1, 1, -1, -1, -1, 1, -1, -1, -1, 1, 0, 1, 0.02, 12, 0, 0, 0, 0, 5, 1, 21.0, 25, 0, 15, 57, 4, -1]
[1, 1, 1, 1, 1, -1, 0, -1, -1, -1, 1, 1, 0, -1, 1, 1, -1, -1, 1, -1, -1, -1, 1, -1, -1, -1, 1, 0, 1, 0.03, 9, 0, 0, 0, 0, 12, 2, 32.0, 0, 0, 26, 40, 2, -1]
[1, 1, 1, 1, 1, 1, -1, 1, -1, -1, 1, 1, 0, -1, 1, 1, -1, -1, 1, -1, -1, -1, 1, -1, -1, -1, 1, 0, 1, 0.03, 8, 0, 0, 0, 0, 12, 2, 32.0, 0, 0, 26, 39, 0, -1]
[1, 0, 1, 1, 1, 1, -1, 1, 1, -1, 1, 1, 0, -1, 1, 1, -1, -1, 1, -1, -1, -1, 1, 1, 1, -1, 1, 1, 1, 0.44, 11, 0, 0, 1, 1, 11, 1, 45.0, 0, 0, 14, 55, 0, -1]
[1, 0, 1, -1, 1, -1, 0, -1, -1, -1, 1, 1, -1, -1, -1, -1, -1, -1, -1, -1, -1, -1, -1, -1, -1, -1, 1, -1, 1, 0.02, 13, 0, 0, 1, 1, 11, 2, 44.0, 1, 0, 31, 57, 1, -1]
[1, -1, 1, 1, 1, -1, 0, -1, 1, -1, 1, 1, -1, -1, -1, -1, -1, -1, -1, -1, -1, -1, -1, 1, 1, -1, 1, -1, 1, 0.03, 14, 0, 0, 1, 1, 60, 3, 1.767, 12, 0, 10, 107, 3, -1]
[1, -1, 1, 1, 1, -1, -1, -1, 1, -1, 1, 1, -1, -1, -1, -1, -1, -1, -1, -1, -1, -1, -1, 1, 1, -1, 1, -1, 1, 0.03, 15, 0, 0, 1, 1, 60, 3, 1.486, 12, 0, 14, 112, 3, -1]
[1, 1, 1, 1, 1, 1, 1, -1, 1, -1, 1, 1, 0, -1, 0, 1, -1, -1, 1, -1, -1, -1, 1, 1, 1, -1, 1, 1, 1, 0.04, 6, 0, 0, 0, 0, 10, 3, 18.0, 0, 0, 13, 23, 0, -1]
[1, 0, 1, 1, 1, 1, -1, 1, 1, -1, 1, 1, 0, -1, 0, 1, -1, -1, 1, -1, -1, -1, 1, 1, 1, -1, 1, 1, 1, 0.32, 11, 0, 0, 0, 0, 13, 3, 55.0, 0, 0, 31, 65, 0, -1]
[1, 1, 1, 1, 1, 1, 1, 1, 1, -1, 1, 1, 0, -1, 1, 0, -1, -1, 1, -1, -1, -1, 1, -1, -1, -1, 1, 0, 1, 0.04, 6, 0, 0, 0, 0, 10, 3, 19.0, 0, 0, 13, 24, 0, -1]
[1, 1, 1, 1, 1, 1, 0, -1, 1, -1, 1, 1, 0, -1, 0, 1, -1, -1, 1, -1, -1, -1, 1, 1, 1, -1, 1, 1, 1, 0.12, 8, 0, 0, 0, 0, 11, 1, 24.0, 2, 0, 17, 33, 0, -1]
[1, 1, 1, 1, 1, 1, 0, 1, 1, -1, 1, 1, 0, -1, 0, 1, -1, -1, 1, -1, -1, -1, 1, -1, -1, -1, 1, 1, 1, 0.04, 7, 0, 0, 0, 0, 7, 2, 18.0, 0, 0, 12, 24, 0, -1]
[1, 1, 1, 1, 1, -1, 0, -1, -1, -1, 1, 1, 0, -1, 1, 1, -1, -1, 1, -1, -1, -1, 1, -1, -1, -1, 1, 0, 1, 0.02, 8, 0, 0, 0, 0, 16, 2, 38.0, 0, 0, 33, 45, 1, -1]
[1, 1, 1, 1, 1, 1, -1, -1, 1, -1, 1, 1, 0, -1, 0, 1, -1, -1, 1, -1, -1, -1, 1, 1, 1, -1, 1, 1, 1, 0.35, 9, 0, 0, 0, 0, 13, 1, 19.0, 2, 0, 20, 49, 0, -1]
[1, -1, 1, -1, 1, -1, -1, 1, 1, -1, 1, 1, 0, -1, 1, 0, -1, -1, 1, -1, -1, -1, 1, 1, 1, -1, 1, 0, 1, 0.25, 12, 0, 0, 0, 0, 20, 1, 72.0, 23, 0, 17, 106, 1, -1]
[1, -1, 1, 1, 1, 1, 1, 1, 1, -1, 1, 1, 0, -1, 0, 1, -1, -1, 1, -1, -1, -1, -1, 1, 1, -1, 1, 1, 1, 0.38, 23, 0, 0, 1, 1, 19, 1, 5.875, 0, 0, 15, 192, 0, -1]
[1, 1, 1, 1, 1, 1, 0, 1, -1, -1, 1, 1, 0, -1, 0, 1, -1, -1, 1, -1, -1, -1, 1, -1, -1, -1, 1, 1, 1, 0.03, 7, 0, 0, 0, 0, 13, 3, 29.0, 0, 0, 23, 35, 0, -1]
[1, -1, 1, -1, 1, 1, -1, 1, 1, -1, 1, 1, 0, -1, 0, 1, -1, -1, 1, -1, -1, -1, 1, 1, 1, -1, 1, 1, 1, 0.62, 20, 0, 0, 1, 1, 12, 1, 92.0, 0, 0, 15, 112, 0, -1]
[1, -1, 1, 1, 1, 1, -1, 1, 1, -1, 1, 1, 0, -1, 0, 1, -1, -1, 1, -1, -1, -1, 1, 1, 1, -1, 1, 1, 1, 0.73, 16, 0, 0, 0, 0, 12, 2, 79.0, 0, 0, 15, 95, 0, -1]
[1, 1, 1, 1, 1, 1, 0, -1, 1, -1, 1, 1, -1, -1, -1, -1, -1, -1, -1, -1, -1, -1, -1, 1, 1, -1, 1, -1, 1, 0.23, 7, 0, 0, 0, 0, 7, 1, 20.0, 0, 0, 10, 26, 0, -1]
[1, -1, 1, 1, 1, 1, -1, 1, 1, -1, 1, 1, -1, -1, 0, -1, -1, -1, 1, -1, -1, -1, 1, 1, 1, -1, 1, 0, 1, 0.01, 29, 0, 0, 1, 1, 27, 1, 41.667, 6, 0, 65, 161, 0, -1]
[1, 1, 1, 1, 1, -1, -1, -1, -1, -1, 1, 1, 0, -1, 0, 1, -1, -1, 1, -1, -1, -1, 1, -1, -1, -1, 1, 1, 1, 0.02, 9, 1, 0, 0, 0, 7, 3, 34.0, 0, 0, 29, 42, 1, -1]
[1, 1, 1, 1, 1, -1, 0, -1, -1, -1, 1, 1, 0, -1, 0, 1, -1, -1, 1, -1, -1, -1, 1, -1, -1, -1, 1, 1, 1, 0.03, 10, 0, 0, 0, 0, 8, 1, 27.0, 3, 0, 22, 39, 3, -1]
[1, 1, 1, 1, 1, -1, 0, 1, 1, 1, 1, 1, 0, -1, -1, 1, -1, -1, 1, -1, -1, -1, 1, -1, -1, -1, 1, -1, 1, 0.11, 9, 0, 0, 0, 0, 15, 2, 36.0, 0, 0, 27, 44, 1, -1]
[1, 1, 1, 1, 1, -1, 1, -1, 1, -1, 1, 1, 0, -1, 0, 1, -1, -1, 1, -1, -1, -1, 1, 1, 1, -1, 1, 1, 1, 0.04, 7, 0, 0, 0, 0, 6, 3, 17.0, 0, 0, 12, 23, 1, -1]
[1, 0, 1, 1, 1, -1, 1, 1, -1, -1, 1, 1, 0, -1, 0, 1, -1, -1, 1, -1, -1, -1, 1, -1, -1, -1, 1, 1, 1, 0.65, 13, 0, 0, 0, 0, 7, 1, 6.333, 0, 0, 12, 66, 1, -1]
[1, 1, -1, 1, 1, 1, 0, -1, -1, -1, 1, 1, 0, -1, 1, 1, -1, -1, 1, -1, -1, -1, 1, -1, -1, -1, 1, 1, 1, 0.02, 7, 0, 0, 0, 0, 23, 3, 39.0, 0, 0, 34, 45, 0, -1]
[1, 1, 1, 1, 1, 1, 0, -1, 1, -1, 1, 1, 0, -1, 0, 1, -1, -1, 1, -1, -1, -1, 1, 1, 1, -1, 1, 1, 1, 0.21, 9, 0, 0, 0, 0, 15, 3, 44.0, 0, 0, 30, 52, 0, -1]
[1, 0, 1, 1, 1, 1, -1, 1, 1, -1, 1, 1, 0, -1, 0, 1, -1, -1, 1, -1, -1, -1, 1, 1, 1, -1, 1, 1, 1, 0.42, 11, 0, 0, 0, 0, 15, 3, 30.0, 0, 0, 30, 71, 0, -1]
[1, -1, 1, 1, 1, 1, -1, -1, 1, -1, 1, 1, 0, -1, 0, 1, -1, -1, 1, -1, -1, -1, 1, 1, 1, -1, 1, 1, 1, 0.01, 8, 0, 0, 0, 0, 19, 1, 66.0, 10, 0, 61, 83, 0, -1]
[1, 0, 1, 1, 1, 1, -1, -1, -1, -1, 1, 1, -1, -1, -1, -1, -1, -1, -1, -1, -1, -1, -1, -1, -1, -1, 1, -1, 1, 0.39, 10, 0, 0, 0, 0, 13, 3, 47.0, 0, 0, 23, 56, 0, -1]
[1, 0, 1, 1, 1, 1, -1, -1, -1, -1, 1, 1, -1, -1, -1, -1, -1, -1, -1, -1, -1, -1, -1, -1, -1, -1, 1, -1, 1, 0.43, 10, 0, 0, 0, 0, 13, 3, 51.0, 0, 0, 23, 60, 0, -1]
[1, 0, 1, 1, 1, -1, -1, -1, 1, -1, 1, 1, -1, -1, -1, -1, -1, -1, -1, -1, -1, -1, -1, 1, 1, -1, 1, -1, 1, 0.02, 12, 0, 0, 0, 0, 7, 1, 43.0, 5, 0, 38, 59, 3, -1]
[1, 0, 1, 1, 1, -1, -1, -1, 1, -1, 1, 1, -1, -1, -1, -1, -1, -1, -1, -1, -1, -1, -1, 1, 1, -1, 1, -1, 1, 0.15, 13, 0, 0, 0, 0, 7, 1, 51.0, 5, 0, 38, 68, 3, -1]
[1, 1, 1, 1, 1, 1, -1, 1, -1, -1, 1, 1, -1, -1, 0, 1, -1, -1, 1, -1, -1, -1, 1, -1, -1, -1, 1, 0, 1, 0.43, 9, 0, 0, 0, 0, 10, 2, 37.0, 0, 0, 15, 46, 0, -1]
[1, 1, 1, 1, 1, 1, 1, 1, 1, -1, 1, 1, 0, -1, 0, 1, -1, -1, 1, -1, -1, -1, 1, -1, -1, -1, 1, 1, 1, 0.04, 6, 0, 0, 0, 0, 13, 3, 22.0, 0, 0, 16, 27, 0, -1]
[1, -1, 1, 1, 1, 1, -1, 1, 1, -1, 1, 1, 0, -1, -1, 1, -1, -1, 0, -1, -1, -1, 1, 1, 1, -1, 1, 1, 1, 0.35, 21, 0, 0, 1, 1, 22, 1, 24.5, 0, 0, 28, 176, 0, -1]
[1, 1, 1, 1, 1, 1, 0, -1, 1, -1, 1, 1, 0, -1, -1, 1, -1, -1, 1, -1, -1, -1, 1, 1, 1, -1, 1, 1, 1, 0.03, 7, 0, 0, 0, 0, 8, 3, 23.0, 3, 0, 18, 32, 0, -1]
[1, 1, 1, 1, 1, 1, 0, 1, 1, -1, 1, 1, 0, -1, 0, 1, -1, -1, 1, -1, -1, -1, 1, 1, 1, -1, 1, 1, 1, 0.03, 7, 0, 0, 0, 0, 17, 3, 31.0, 0, 0, 25, 37, 0, -1]
[1, 1, 1, 1, 1, -1, -1, 1, 1, -1, 1, 1, -1, -1, 1, 1, -1, -1, 1, -1, -1, -1, 1, 1, 1, -1, 1, 1, 1, 0.26, 9, 0, 0, 0, 0, 10, 3, 31.0, 14, 0, 13, 53, 1, -1]
[1, 1, 1, 1, 1, -1, -1, 1, 1, -1, 1, 1, -1, -1, 1, 1, -1, -1, 1, -1, -1, -1, 1, 1, 1, -1, 1, 1, 1, 0.25, 9, 0, 0, 0, 0, 10, 3, 30.0, 14, 0, 13, 52, 1, -1]
[1, 1, 1, 1, 1, -1, 0, 1, 1, -1, 1, 1, -1, -1, 1, 1, -1, -1, 1, -1, -1, -1, 1, 1, 1, -1, 1, 1, 1, 0.02, 9, 0, 0, 0, 0, 9, 4, 33.0, 0, 0, 27, 41, 2, -1]
[1, 0, 1, 1, 1, 1, 0, 1, 1, -1, 1, 1, -1, -1, 1, 1, -1, -1, 1, -1, -1, -1, 1, 1, 1, -1, 1, -1, 1, 0.63, 7, 0, 0, 0, 0, 9, 1, 39.0, 0, 0, 15, 67, 0, -1]
[1, 1, 1, 1, 1, -1, 0, -1, -1, 1, 1, 1, 0, -1, 1, 1, -1, -1, 1, -1, -1, -1, 1, -1, -1, -1, 1, 1, 1, 0.03, 9, 0, 0, 0, 0, 9, 2, 27.0, 0, 0, 22, 35, 2, -1]
[1, 1, 1, 1, 1, 1, -1, -1, 1, -1, 1, 1, -1, -1, -1, -1, -1, -1, -1, -1, -1, -1, -1, 1, 1, -1, 1, -1, 1, 0.03, 9, 0, 0, 0, 0, 7, 3, 19.0, 12, 0, 13, 39, 0, -1]
[1, 1, 1, 1, 1, 1, 1, 1, 1, -1, 1, 1, -1, -1, 1, 1, -1, -1, 1, -1, -1, -1, 1, -1, -1, -1, 1, 0, 1, 0.05, 6, 0, 0, 0, 0, 6, 3, 15.0, 0, 0, 9, 20, 0, -1]
[1, 1, 1, 1, 1, -1, -1, -1, 1, -1, 1, 1, 0, -1, 0, 1, -1, -1, 1, -1, -1, -1, 1, -1, -1, -1, 1, 1, 1, 0.02, 11, 0, 0, 0, 0, 9, 2, 33.0, 5, 0, 28, 48, 2, -1]
[1, 0, 1, 1, 1, 1, -1, 1, 1, -1, 1, 1, 0, -1, 1, 1, -1, -1, 0, -1, -1, -1, 1, 1, 1, -1, 1, 1, 1, 0.54, 9, 0, 0, 0, 0, 10, 2, 2.875, 0, 0, 22, 74, 0, -1]
[1, 1, 1, 1, 1, -1, 1, 1, 1, -1, 1, 1, 0, -1, 0, 1, -1, -1, 1, -1, -1, -1, -1, -1, -1, -1, 1, 1, 1, 0.15, 8, 0, 0, 0, 0, 10, 2, 34.0, 0, 0, 23, 41, 2, -1]
[1, 0, 1, 1, 1, 1, -1, -1, 1, -1, 1, 1, 0, -1, 1, 1, -1, -1, 0, -1, -1, -1, 1, 1, 1, -1, 1, 1, 1, 0.55, 9, 0, 0, 0, 0, 10, 1, 4.364, 0, 0, 22, 73, 0, -1]
[1, 0, 1, 1, 1, 1, -1, -1, 1, -1, 1, 1, 0, -1, 1, 1, -1, -1, 0, -1, -1, -1, 1, 1, 1, -1, 1, 1, 1, 0.55, 9, 0, 0, 0, 0, 12, 1, 2.1, 0, 0, 22, 73, 0, -1]
[1, 0, 1, 1, 1, 1, -1, -1, 1, -1, 1, 1, 0, -1, 1, 1, -1, -1, 0, -1, -1, -1, 1, 1, 1, -1, 1, 1, 1, 0.55, 9, 0, 0, 0, 0, 13, 1, 4.083, 0, 0, 22, 73, 0, -1]
[1, 0, 1, 1, 1, 1, -1, 1, 1, -1, 1, 1, 0, -1, 1, 1, -1, -1, 0, -1, -1, -1, 1, 1, 1, -1, 1, 1, 1, 0.54, 9, 0, 0, 0, 0, 12, 1, 3.067, 0, 0, 22, 74, 0, -1]
[1, 0, 1, 1, 1, 1, -1, -1, 1, -1, 1, 1, 0, -1, 1, 1, -1, -1, 0, -1, -1, -1, 1, 1, 1, -1, 1, 1, 1, 0.55, 9, 0, 0, 0, 0, 12, 1, 2.625, 0, 0, 22, 73, 0, -1]
[1, 1, 1, 1, 1, 1, 0, -1, 1, -1, 1, 1, 0, -1, 0, 1, -1, -1, 1, -1, -1, -1, -1, 1, 1, -1, 1, 1, 1, 0.04, 7, 0, 0, 0, 0, 4, 1, 15.0, 4, 0, 10, 25, 0, -1]
[1, 0, 1, 1, 1, 1, -1, 1, 1, -1, 1, 1, 0, -1, 1, 1, -1, -1, 0, -1, -1, -1, 1, 1, 1, -1, 1, 1, 1, 0.54, 9, 0, 0, 0, 0, 10, 1, 3.538, 0, 0, 22, 74, 0, -1]
[1, 0, 1, 1, 1, 1, -1, -1, 1, -1, 1, 1, 0, -1, 1, 1, -1, -1, 0, -1, -1, -1, 1, 1, 1, -1, 1, 1, 1, 0.55, 9, 0, 0, 0, 0, 10, 2, 4.083, 0, 0, 22, 73, 0, -1]
[1, 0, 1, 1, 1, 1, -1, -1, 1, -1, 1, 1, 0, -1, 1, 1, -1, -1, 0, -1, -1, -1, 1, 1, 1, -1, 1, 1, 1, 0.55, 9, 0, 0, 0, 0, 10, 1, 2.562, 0, 0, 22, 73, 0, -1]
[1, -1, -1, 1, 1, 1, 0, -1, 1, -1, 1, 1, 0, -1, 1, 1, -1, -1, 0, -1, -1, -1, 1, -1, -1, -1, 1, 1, 1, 0.53, 8, 0, 0, 0, 0, 19, 2, 4.333, 0, 0, 26, 76, 0, -1]
[1, -1, -1, 1, 1, 1, 0, -1, 1, -1, 1, 1, 0, -1, 1, 1, -1, -1, 0, -1, -1, -1, 1, -1, -1, -1, 1, 1, 1, 0.53, 8, 0, 0, 0, 0, 19, 1, 4.333, 0, 0, 26, 76, 0, -1]
[1, 0, 1, 1, 1, 1, 0, 1, 1, 1, 1, 1, 0, -1, -1, 1, -1, -1, 1, -1, -1, -1, 1, 1, 1, -1, 1, 1, 1, 0.6, 11, 0, 0, 0, 0, 6, 1, 39.0, 0, 0, 14, 62, 0, -1]
[1, 1, 1, 1, 1, -1, 0, -1, -1, -1, 1, 1, 0, -1, 1, 1, -1, -1, 1, -1, -1, -1, 1, -1, -1, -1, 1, 0, 1, 0.02, 9, 0, 0, 0, 0, 15, 2, 41.0, 0, 0, 36, 49, 2, -1]
[1, -1, 1, 1, 1, 1, 0, 1, 1, -1, 1, 1, 0, -1, 0, 1, -1, -1, 1, -1, -1, -1, 1, 1, 1, -1, 1, 1, 1, 0.58, 10, 0, 0, 1, 1, 14, 2, 3.056, 0, 0, 6, 90, 0, -1]
[1, 0, 1, 1, 1, 1, -1, -1, 1, -1, 1, 1, 0, -1, 1, 1, -1, -1, 0, -1, -1, -1, 1, 1, 1, -1, 1, 1, 1, 0.55, 9, 0, 0, 0, 0, 10, 1, 3.538, 0, 0, 22, 73, 0, -1]
[1, 0, 1, 1, 1, 1, -1, 1, 1, -1, 1, 1, 0, -1, 1, 1, -1, -1, 0, -1, -1, -1, 1, 1, 1, -1, 1, 1, 1, 0.54, 9, 0, 0, 0, 0, 10, 1, 2.75, 0, 0, 22, 74, 0, -1]
[1, 0, 1, 1, 1, 1, -1, -1, 1, -1, 1, 1, 0, -1, 1, 1, -1, -1, 0, -1, -1, -1, 1, 1, 1, -1, 1, 1, 1, 0.55, 9, 0, 0, 0, 0, 10, 1, 2.75, 0, 0, 22, 73, 0, -1]
[1, 1, 1, 1, 1, 1, 1, 1, 1, -1, 1, 1, 0, -1, 0, 1, -1, -1, 1, -1, -1, -1, 1, -1, -1, -1, 1, 0, 1, 0.03, 6, 0, 0, 0, 0, 15, 3, 24.0, 0, 0, 18, 29, 0, -1]
[1, 1, 1, 1, 1, -1, 1, -1, 1, -1, 1, 1, -1, -1, -1, -1, -1, -1, -1, -1, -1, -1, -1, -1, -1, -1, 1, -1, 1, 0.03, 7, 0, 0, 0, 0, 11, 3, 24.0, 0, 0, 18, 30, 1, -1]
[1, 0, 1, 1, 1, 1, -1, -1, 1, -1, 1, 1, 0, -1, 1, 1, -1, -1, 0, -1, -1, -1, 1, 1, 1, -1, 1, 1, 1, 0.55, 9, 0, 0, 0, 0, 18, 1, 3.615, 0, 0, 22, 73, 0, -1]
[1, 0, 1, 1, 1, 1, -1, 1, 1, -1, 1, 1, 0, -1, 1, 1, -1, -1, 0, -1, -1, -1, 1, 1, 1, -1, 1, 1, 1, 0.54, 9, 0, 0, 0, 0, 14, 2, 3.267, 0, 0, 22, 74, 0, -1]
[1, 0, 1, 1, 1, 1, -1, -1, 1, -1, 1, 1, 0, -1, 1, 1, -1, -1, 0, -1, -1, -1, 1, 1, 1, -1, 1, 1, 1, 0.55, 9, 0, 0, 0, 0, 11, 1, 3.615, 0, 0, 22, 73, 0, -1]
[1, 0, 1, 1, 1, 1, -1, 1, 1, -1, 1, 1, 0, -1, 1, 1, -1, -1, 0, -1, -1, -1, 1, 1, 1, -1, 1, 1, 1, 0.54, 9, 0, 0, 0, 0, 10, 1, 2.158, 0, 0, 22, 74, 0, -1]
[1, 0, 1, 1, 1, 1, -1, 1, 1, -1, 1, 1, 0, -1, 1, 1, -1, -1, 0, -1, -1, -1, 1, 1, 1, -1, 1, 1, 1, 0.54, 9, 0, 0, 0, 0, 12, 2, 7.857, 0, 0, 22, 74, 0, -1]
[1, 0, 1, 1, 1, 1, -1, -1, 1, -1, 1, 1, 0, -1, 1, 1, -1, -1, 0, -1, -1, -1, 1, 1, 1, -1, 1, 1, 1, 0.55, 9, 0, 0, 0, 0, 16, 1, 2.588, 0, 0, 22, 73, 0, -1]
[1, 1, 1, 1, 1, -1, 0, -1, 1, -1, 1, 1, 0, -1, 0, 1, -1, -1, 1, -1, -1, -1, 1, 1, 1, -1, 1, 1, 1, 0.03, 8, 0, 0, 0, 0, 10, 3, 21.0, 6, 0, 16, 34, 1, -1]
[1, 0, 1, 1, 1, 1, -1, -1, 1, -1, 1, 1, 0, -1, 1, 1, -1, -1, 0, -1, -1, -1, 1, 1, 1, -1, 1, 1, 1, 0.55, 9, 0, 0, 0, 0, 31, 2, 3.333, 0, 0, 22, 73, 0, -1]
[1, 1, 1, 1, 1, -1, 0, -1, 1, -1, 1, 1, 0, -1, 0, 1, -1, -1, 1, -1, -1, -1, 1, 1, 1, -1, 1, 0, 1, 0.03, 8, 0, 0, 0, 0, 10, 3, 22.0, 6, 0, 16, 35, 1, -1]
[1, 1, 1, 1, 1, 1, 1, 1, 1, -1, 1, 1, 0, -1, 0, 1, -1, -1, 1, -1, -1, -1, 1, -1, -1, -1, 1, 1, 1, 0.05, 6, 0, 0, 0, 0, 5, 3, 14.0, 0, 0, 8, 19, 0, -1]
[1, 1, 1, 1, 1, -1, 1, -1, 1, 1, 1, 1, 0, -1, -1, 1, -1, -1, 1, -1, -1, -1, 1, -1, -1, -1, 1, -1, 1, 0.03, 7, 0, 0, 0, 0, 11, 3, 27.0, 0, 0, 21, 33, 1, -1]
[1, 0, 1, 1, 1, 1, -1, -1, 1, -1, 1, 1, 0, -1, 1, 1, -1, -1, 0, -1, -1, -1, 1, 1, 1, -1, 1, 1, 1, 0.55, 9, 0, 0, 0, 0, 11, 1, 4.083, 0, 0, 22, 73, 0, -1]
[1, 0, 1, 1, 1, 1, -1, -1, 1, -1, 1, 1, 0, -1, 1, 1, -1, -1, 0, -1, -1, -1, 1, 1, 1, -1, 1, 1, 1, 0.55, 9, 0, 0, 0, 0, 10, 1, 2.812, 0, 0, 22, 73, 0, -1]
[1, 0, 1, 1, 1, 1, -1, -1, 1, -1, 1, 1, 0, -1, 1, 1, -1, -1, 0, -1, -1, -1, 1, 1, 1, -1, 1, 1, 1, 0.55, 9, 0, 0, 0, 0, 12, 2, 3.429, 0, 0, 22, 73, 0, -1]
[1, 0, 1, 1, 1, 1, -1, 1, 1, -1, 1, 1, 0, -1, 1, 1, -1, -1, 0, -1, -1, -1, 1, 1, 1, -1, 1, 1, 1, 0.54, 9, 0, 0, 0, 0, 12, 2, 2.706, 0, 0, 22, 74, 0, -1]
[1, 0, -1, 1, 1, 1, 1, 1, 1, -1, 1, 1, 0, -1, 1, 1, -1, -1, 0, -1, -1, -1, 1, -1, -1, -1, 1, 1, 1, 0.56, 7, 0, 0, 0, 0, 19, 2, 4.0, 0, 0, 22, 72, 0, -1]
[1, 0, -1, 1, 1, 1, 1, -1, 1, -1, 1, 1, 0, -1, 1, 1, -1, -1, 0, -1, -1, -1, 1, -1, -1, -1, 1, 1, 1, 0.56, 7, 0, 0, 0, 0, 19, 1, 3.0, 0, 0, 22, 71, 0, -1]
[1, 0, 1, 1, 1, 1, -1, -1, 1, -1, 1, 1, 0, -1, 1, 1, -1, -1, 0, -1, -1, -1, 1, 1, 1, -1, 1, 1, 1, 0.55, 9, 0, 0, 0, 0, 15, 1, 2.867, 0, 0, 22, 73, 0, -1]
[1, 0, 1, 1, 1, 1, -1, -1, 1, -1, 1, 1, 0, -1, 1, 1, -1, -1, 0, -1, -1, -1, 1, 1, 1, -1, 1, 1, 1, 0.55, 9, 0, 0, 0, 0, 10, 1, 3.286, 0, 0, 22, 73, 0, -1]
[1, 0, -1, 1, 1, 1, 1, -1, 1, -1, 1, 1, 0, -1, 1, 1, -1, -1, 0, -1, -1, -1, 1, -1, -1, -1, 1, 1, 1, 0.56, 7, 0, 0, 0, 0, 19, 1, 3.75, 0, 0, 22, 71, 0, -1]
[1, 0, 1, 1, 1, 1, -1, -1, 1, -1, 1, 1, 0, -1, 1, 1, -1, -1, 0, -1, -1, -1, 1, 1, 1, -1, 1, 1, 1, 0.55, 9, 0, 0, 0, 0, 13, 1, 3.429, 0, 0, 22, 73, 0, -1]
[1, 0, 1, 1, 1, 1, -1, -1, -1, -1, 1, 1, 0, -1, 1, 1, -1, -1, 0, -1, -1, -1, 1, -1, -1, -1, 1, 1, 1, 0.55, 9, 0, 0, 0, 0, 11, 1, 4.0, 0, 0, 22, 73, 0, -1]
[1, 0, 1, 1, 1, 1, -1, -1, 1, -1, 1, 1, 0, -1, 1, 1, -1, -1, 0, -1, -1, -1, 1, 1, 1, -1, 1, 1, 1, 0.55, 9, 0, 0, 0, 0, 14, 1, 2.0, 0, 0, 22, 73, 0, -1]
[1, 0, 1, 1, 1, 1, -1, -1, 1, -1, 1, 1, 0, -1, 1, 1, -1, -1, 0, -1, -1, -1, 1, 1, 1, -1, 1, 1, 1, 0.55, 9, 0, 0, 0, 0, 17, 2, 2.444, 0, 0, 22, 73, 0, -1]
[1, -1, -1, 1, 1, 1, 0, -1, 1, -1, 1, 1, 0, -1, 1, 1, -1, -1, 0, -1, -1, -1, 1, -1, -1, -1, 1, 1, 1, 0.53, 8, 0, 0, 0, 0, 19, 2, 4.636, 0, 0, 26, 76, 0, -1]
[1, 0, 1, 1, 1, -1, -1, -1, -1, -1, 1, 1, -1, -1, -1, -1, -1, -1, -1, -1, -1, -1, -1, -1, -1, -1, 1, -1, 1, 0.28, 14, 0, 0, 0, 0, 11, 4, 40.0, 11, 0, 23, 69, 4, -1]
[1, -1, -1, 1, 1, 1, 0, -1, 1, -1, 1, 1, 0, -1, 1, 1, -1, -1, 0, -1, -1, -1, 1, -1, -1, -1, 1, 1, 1, 0.53, 8, 0, 0, 0, 0, 19, 1, 4.25, 0, 0, 26, 76, 0, -1]
[1, -1, -1, 1, 1, 1, 0, -1, 1, -1, 1, 1, 0, -1, 1, 1, -1, -1, 0, -1, -1, -1, 1, -1, -1, -1, 1, 1, 1, 0.53, 8, 0, 0, 0, 0, 21, 3, 3.857, 0, 0, 26, 76, 0, -1]
[1, -1, -1, 1, 1, 1, 0, -1, 1, -1, 1, 1, 0, -1, 1, 1, -1, -1, 0, -1, -1, -1, 1, -1, -1, -1, 1, 1, 1, 0.53, 8, 0, 0, 0, 0, 19, 1, 3.571, 0, 0, 26, 76, 0, -1]
[1, -1, -1, 1, 1, 1, 0, 1, 1, -1, 1, 1, 0, -1, 1, 1, -1, -1, 0, -1, -1, -1, 1, -1, -1, -1, 1, 1, 1, 0.52, 8, 0, 0, 0, 0, 19, 2, 3.267, 0, 0, 26, 77, 0, -1]
[1, -1, -1, 1, 1, 1, 0, -1, 1, -1, 1, 1, 0, -1, 1, 1, -1, -1, 0, -1, -1, -1, 1, -1, -1, -1, 1, 1, 1, 0.53, 8, 0, 0, 0, 0, 19, 1, 5.5, 0, 0, 26, 76, 0, -1]
[1, -1, -1, 1, 1, 1, 0, -1, 1, -1, 1, 1, 0, -1, 1, 1, -1, -1, 0, -1, -1, -1, 1, -1, -1, -1, 1, 1, 1, 0.53, 8, 0, 0, 0, 0, 19, 1, 4.0, 0, 0, 26, 76, 0, -1]
[1, -1, -1, 1, 1, 1, 0, -1, 1, -1, 1, 1, 0, -1, 1, 1, -1, -1, 0, -1, -1, -1, 1, -1, -1, -1, 1, 1, 1, 0.53, 8, 0, 0, 0, 0, 19, 2, 4.0, 0, 0, 26, 76, 0, -1]
[1, -1, -1, 1, 1, 1, 0, -1, 1, -1, 1, 1, 0, -1, 1, 1, -1, -1, 0, -1, -1, -1, 1, -1, -1, -1, 1, 1, 1, 0.53, 8, 0, 0, 0, 0, 19, 2, 2.316, 0, 0, 26, 76, 0, -1]
[1, -1, -1, 1, 1, 1, 0, -1, 1, -1, 1, 1, 0, -1, 1, 1, -1, -1, 0, -1, -1, -1, 1, -1, -1, -1, 1, 1, 1, 0.53, 8, 0, 0, 0, 0, 19, 3, 2.579, 0, 0, 26, 76, 0, -1]
[1, -1, -1, 1, 1, 1, 0, -1, 1, -1, 1, 1, 0, -1, 1, 1, -1, -1, 0, -1, -1, -1, 1, -1, -1, -1, 1, 1, 1, 0.53, 8, 0, 0, 0, 0, 19, 2, 3.571, 0, 0, 26, 76, 0, -1]
[1, -1, -1, 1, 1, 1, 0, -1, 1, -1, 1, 1, 0, -1, 1, 1, -1, -1, 0, -1, -1, -1, 1, -1, -1, -1, 1, 1, 1, 0.53, 8, 0, 0, 0, 0, 19, 1, 2.3, 0, 0, 26, 76, 0, -1]
[1, -1, -1, 1, 1, 1, 0, -1, 1, -1, 1, 1, 0, -1, 1, 1, -1, -1, 0, -1, -1, -1, 1, -1, -1, -1, 1, 1, 1, 0.53, 8, 0, 0, 0, 0, 19, 2, 4.25, 0, 0, 26, 76, 0, -1]
[1, -1, -1, 1, 1, 1, 0, -1, 1, -1, 1, 1, 0, -1, 1, 1, -1, -1, 0, -1, -1, -1, 1, -1, -1, -1, 1, 1, 1, 0.53, 8, 0, 0, 0, 0, 19, 1, 2.938, 0, 0, 26, 76, 0, -1]
[1, -1, -1, 1, 1, 1, 0, -1, 1, -1, 1, 1, 0, -1, 1, 1, -1, -1, 0, -1, -1, -1, 1, -1, -1, -1, 1, 1, 1, 0.53, 8, 0, 0, 0, 0, 19, 2, 4.333, 0, 0, 26, 76, 0, -1]
[1, -1, 1, 1, 1, -1, -1, 1, 1, -1, 1, 1, 0, -1, 0, 1, -1, -1, 1, -1, -1, -1, 1, 1, 1, -1, 1, 1, 1, 0.68, 20, 0, 0, 0, 0, 13, 1, 134.0, 1, 0, 36, 159, 2, -1]
[1, 1, 1, 1, 1, 1, 1, 1, 1, -1, 1, 1, 0, -1, 0, 1, -1, -1, 1, -1, -1, -1, 1, -1, -1, -1, 1, 1, 1, 0.05, 6, 0, 0, 0, 0, 6, 3, 15.0, 0, 0, 9, 20, 0, -1]
[1, 0, -1, 1, 1, 1, 1, -1, 1, -1, 1, 1, 0, -1, 1, 1, -1, -1, 0, -1, -1, -1, 1, -1, -1, -1, 1, 1, 1, 0.56, 7, 0, 0, 0, 0, 19, 1, 2.812, 0, 0, 22, 71, 0, -1]
[1, 0, -1, 1, 1, 1, 1, -1, 1, -1, 1, 1, 0, -1, 1, 1, -1, -1, 0, -1, -1, -1, 1, -1, -1, -1, 1, 1, 1, 0.56, 7, 0, 0, 0, 0, 19, 2, 2.688, 0, 0, 22, 71, 0, -1]
[1, 0, -1, 1, 1, 1, 1, -1, 1, -1, 1, 1, 0, -1, 1, 1, -1, -1, 0, -1, -1, -1, 1, -1, -1, -1, 1, 1, 1, 0.56, 7, 0, 0, 0, 0, 19, 2, 2.812, 0, 0, 22, 71, 0, -1]
[1, 0, -1, 1, 1, 1, 1, -1, 1, -1, 1, 1, 0, -1, 1, 1, -1, -1, 0, -1, -1, -1, 1, -1, -1, -1, 1, 1, 1, 0.56, 7, 0, 0, 0, 0, 19, 2, 2.647, 0, 0, 22, 71, 0, -1]
[1, 0, -1, 1, 1, 1, 1, -1, 1, -1, 1, 1, 0, -1, 1, 1, -1, -1, 0, -1, -1, -1, 1, -1, -1, -1, 1, 1, 1, 0.56, 7, 0, 0, 0, 0, 19, 2, 2.389, 0, 0, 22, 71, 0, -1]
[1, -1, -1, 1, 1, 1, 0, -1, 1, -1, 1, 1, 0, -1, 1, 1, -1, -1, 0, -1, -1, -1, 1, -1, -1, -1, 1, 1, 1, 0.53, 8, 0, 0, 0, 0, 19, 3, 5.6, 0, 0, 26, 76, 0, -1]
[1, -1, -1, 1, 1, 1, 0, 1, 1, -1, 1, 1, 0, -1, 1, 1, -1, -1, 0, -1, -1, -1, 1, -1, -1, -1, 1, 1, 1, 0.52, 8, 0, 0, 0, 0, 19, 1, 4.5, 0, 0, 26, 77, 0, -1]
[1, -1, -1, 1, 1, 1, 0, -1, 1, -1, 1, 1, 0, -1, 1, 1, -1, -1, 0, -1, -1, -1, 1, -1, -1, -1, 1, 1, 1, 0.53, 8, 0, 0, 0, 0, 19, 2, 3.429, 0, 0, 26, 76, 0, -1]
[1, -1, -1, 1, 1, 1, 0, 1, 1, -1, 1, 1, 0, -1, 1, 1, -1, -1, 0, -1, -1, -1, 1, -1, -1, -1, 1, 1, 1, 0.52, 8, 0, 0, 0, 0, 19, 2, 3.188, 0, 0, 26, 77, 0, -1]
[1, -1, -1, 1, 1, 1, 0, 1, 1, -1, 1, 1, 0, -1, 1, 1, -1, -1, 0, -1, -1, -1, 1, -1, -1, -1, 1, 1, 1, 0.52, 8, 0, 0, 0, 0, 19, 1, 3.133, 0, 0, 26, 77, 0, -1]
[1, -1, -1, 1, 1, 1, 0, -1, 1, -1, 1, 1, 0, -1, 1, 1, -1, -1, 0, -1, -1, -1, 1, -1, -1, -1, 1, 1, 1, 0.53, 8, 0, 0, 0, 0, 19, 3, 3.2, 0, 0, 26, 76, 0, -1]
[1, 1, 1, 1, 1, 1, 0, -1, 1, -1, 1, 1, -1, -1, 1, 1, -1, -1, 1, -1, -1, -1, 1, 1, 1, -1, 1, -1, 1, 0.14, 8, 0, 0, 0, 0, 17, 1, 44.0, 0, 0, 33, 51, 0, -1]
[1, 1, 1, 1, 1, -1, 0, -1, 1, -1, 1, 1, 0, -1, 0, 1, -1, -1, 1, -1, -1, -1, 1, 1, 1, -1, 1, 0, 1, 0.03, 8, 0, 0, 0, 0, 10, 3, 21.0, 6, 0, 16, 34, 1, -1]
[1, 0, 1, 1, 1, -1, 0, 1, 1, -1, 1, 1, 0, -1, 1, 1, -1, -1, 1, -1, -1, -1, 1, 1, 1, -1, 1, 1, 1, 0.02, 13, 0, 0, 0, 0, 10, 1, 35.0, 9, 0, 29, 56, 6, -1]
[1, 0, 1, 1, 1, -1, 0, 1, 1, -1, 1, 1, 0, -1, 1, 1, -1, -1, 1, -1, -1, -1, 1, 1, 1, -1, 1, 1, 1, 0.02, 13, 0, 0, 0, 0, 10, 1, 35.0, 9, 0, 29, 56, 6, -1]
[1, 0, -1, 1, 1, 1, 1, -1, 1, -1, 1, 1, 0, -1, 1, 1, -1, -1, 0, -1, -1, -1, 1, -1, -1, -1, 1, 1, 1, 0.56, 7, 0, 0, 0, 0, 19, 3, 3.429, 0, 0, 22, 71, 0, -1]
[1, 0, 1, 1, 1, -1, 0, 1, 1, -1, 1, 1, 0, -1, 1, 1, -1, -1, 1, -1, -1, -1, 1, 1, 1, -1, 1, 1, 1, 0.02, 13, 0, 0, 0, 0, 10, 1, 33.0, 11, 0, 27, 56, 6, -1]
[1, 1, 1, 1, 1, -1, 0, 1, -1, -1, 1, 1, 0, -1, 0, 1, -1, -1, 1, -1, -1, -1, 1, -1, -1, -1, 1, 0, 1, 0.03, 8, 0, 0, 0, 0, 6, 4, 22.0, 6, 0, 16, 35, 1, -1]
[1, -1, 1, 1, 1, -1, -1, 1, 1, -1, 1, 1, -1, -1, 1, 1, -1, -1, 1, -1, -1, -1, 1, -1, -1, -1, 1, 0, 1, 0.3, 14, 0, 0, 1, 1, 10, 2, 13.75, 0, 0, 31, 80, 1, -1]
[1, 0, 1, 1, 1, -1, 0, 1, 1, -1, 1, 1, -1, -1, 1, 1, -1, -1, 1, -1, -1, -1, 1, -1, -1, -1, 1, 0, 1, 0.4, 12, 0, 0, 1, 1, 8, 2, 9.25, 0, 0, 13, 60, 1, -1]
[1, 0, 1, 1, 1, -1, 0, 1, 1, -1, 1, 1, 0, -1, 1, 1, -1, -1, 1, -1, -1, -1, 1, 1, 1, -1, 1, 1, 1, 0.02, 13, 0, 0, 0, 0, 10, 1, 34.0, 10, 0, 28, 56, 6, -1]
[1, 1, 1, 1, 1, -1, -1, -1, 1, -1, 1, 1, -1, -1, -1, -1, -1, -1, -1, -1, -1, -1, -1, 1, 1, -1, 1, -1, 1, 0.27, 12, 0, 0, 0, 0, 5, 3, 40.0, 0, 0, 23, 51, 1, -1]
[1, 0, -1, 1, 1, 1, 1, 1, 1, -1, 1, 1, 0, -1, 1, 1, -1, -1, 0, -1, -1, -1, 1, -1, -1, -1, 1, 1, 1, 0.56, 7, 0, 0, 0, 0, 19, 1, 3.2, 0, 0, 22, 72, 0, -1]
[1, 1, 1, 1, 1, 1, 0, -1, 1, -1, 1, 1, -1, -1, -1, -1, -1, -1, -1, -1, -1, -1, -1, 1, 1, -1, 1, -1, 1, 0.02, 7, 0, 0, 0, 0, 22, 3, 37.0, 0, 0, 31, 43, 0, -1]
[1, 0, -1, 1, 1, 1, 1, 1, 1, -1, 1, 1, 0, -1, 1, 1, -1, -1, 0, -1, -1, -1, 1, -1, -1, -1, 1, 1, 1, 0.56, 7, 0, 0, 0, 0, 19, 1, 2.875, 0, 0, 22, 72, 0, -1]
[1, 1, 1, 1, 1, 1, -1, -1, -1, -1, 1, 1, -1, -1, -1, -1, -1, -1, -1, -1, -1, -1, -1, -1, -1, -1, 1, -1, 1, 0.29, 8, 0, 0, 0, 0, 8, 2, 28.0, 0, 0, 14, 35, 0, -1]
[1, 1, 1, 1, 1, 1, 0, -1, -1, -1, 1, 1, -1, -1, -1, -1, -1, -1, -1, -1, -1, -1, -1, -1, -1, -1, 1, -1, 1, 0.04, 7, 0, 0, 0, 0, 8, 2, 20.0, 0, 0, 14, 26, 0, -1]
[1, -1, 1, 1, 1, 1, -1, -1, -1, -1, 1, 1, -1, -1, -1, -1, -1, -1, -1, -1, -1, -1, -1, -1, -1, -1, 1, -1, 1, 0.06, 10, 0, 0, 1, 1, 22, 1, 1.286, 0, 0, 14, 170, 0, -1]
[1, 1, 1, 1, 1, 1, 1, -1, 1, -1, 1, 1, 0, -1, 0, 1, -1, -1, 1, -1, -1, -1, -1, 1, 1, -1, 1, 1, 1, 0.05, 6, 0, 0, 0, 0, 4, 1, 12.0, 4, 0, 7, 21, 0, -1]
[1, 1, 1, 1, 1, -1, 0, -1, 1, -1, 1, 1, -1, -1, 1, 1, -1, -1, 1, -1, -1, -1, 1, 1, 1, -1, 1, 0, 1, 0.03, 8, 0, 0, 0, 0, 11, 3, 27.0, 0, 0, 22, 34, 1, -1]
[1, 0, 1, 1, 1, 1, -1, -1, 1, -1, 1, 1, 0, -1, 1, 1, -1, -1, 0, -1, -1, -1, 1, 1, 1, -1, 1, 1, 1, 0.55, 9, 0, 0, 0, 0, 10, 1, 1.95, 0, 0, 22, 73, 0, -1]
[1, 1, 1, 1, 1, 1, 0, -1, 1, -1, 1, 1, 0, -1, 0, 1, -1, -1, 1, -1, -1, -1, 1, 1, 1, -1, 1, 0, 1, 0.03, 7, 0, 0, 0, 0, 14, 3, 33.0, 0, 0, 28, 39, 0, -1]
[1, 0, 1, 1, 1, -1, 0, 1, 1, -1, 1, 1, 0, -1, 1, 1, -1, -1, 1, -1, -1, -1, 1, 1, 1, -1, 1, 1, 1, 0.02, 13, 0, 0, 0, 0, 10, 1, 33.0, 11, 0, 27, 56, 6, -1]
[1, 0, 1, 1, 1, -1, 0, 1, 1, -1, 1, 1, 0, -1, 1, 1, -1, -1, 1, -1, -1, -1, 1, 1, 1, -1, 1, 1, 1, 0.02, 13, 0, 0, 0, 0, 10, 1, 34.0, 10, 0, 28, 56, 6, -1]
[1, 0, 1, 1, 1, -1, 0, 1, 1, -1, 1, 1, 0, -1, 1, 1, -1, -1, 1, -1, -1, -1, 1, 1, 1, -1, 1, 1, 1, 0.02, 13, 0, 0, 0, 0, 10, 1, 34.0, 10, 0, 28, 56, 6, -1]
[1, 1, 1, 1, 1, 1, 1, -1, 1, -1, 1, 1, -1, -1, -1, -1, -1, -1, -1, -1, -1, -1, -1, -1, -1, -1, 1, -1, 1, 0.04, 6, 0, 0, 0, 0, 9, 3, 18.0, 0, 0, 12, 23, 0, -1]
[1, 0, 1, 1, 1, -1, 0, 1, 1, -1, 1, 1, -1, -1, 1, 1, -1, -1, 1, -1, -1, -1, 1, -1, -1, -1, 1, 0, 1, 0.38, 12, 0, 0, 1, 1, 12, 2, 10.5, 0, 0, 18, 64, 1, -1]
[1, 0, -1, 1, 1, 1, 1, 1, 1, -1, 1, 1, 0, -1, 1, 1, -1, -1, 0, -1, -1, -1, 1, -1, -1, -1, 1, 1, 1, 0.56, 7, 0, 0, 0, 0, 19, 1, 2.733, 0, 0, 22, 72, 0, -1]
[1, -1, -1, 1, 1, 1, 0, -1, 1, -1, 1, 1, 0, -1, 1, 1, -1, -1, 0, -1, -1, -1, 1, -1, -1, -1, 1, 1, 1, 0.53, 8, 0, 0, 0, 0, 19, 1, 4.545, 0, 0, 26, 76, 0, -1]
[1, 0, -1, 1, 1, 1, 1, -1, 1, -1, 1, 1, 0, -1, 1, 1, -1, -1, 0, -1, -1, -1, 1, -1, -1, -1, 1, 1, 1, 0.56, 7, 0, 0, 0, 0, 19, 1, 2.867, 0, 0, 22, 71, 0, -1]
[1, 0, -1, 1, 1, 1, 1, 1, 1, -1, 1, 1, 0, -1, 1, 1, -1, -1, 0, -1, -1, -1, 1, -1, -1, -1, 1, 1, 1, 0.56, 7, 0, 0, 0, 0, 19, 1, 2.812, 0, 0, 22, 72, 0, -1]
[1, 0, -1, 1, 1, 1, 1, -1, 1, -1, 1, 1, 0, -1, 1, 1, -1, -1, 0, -1, -1, -1, 1, -1, -1, -1, 1, 1, 1, 0.56, 7, 0, 0, 0, 0, 19, 3, 3.5, 0, 0, 22, 71, 0, -1]
[1, 0, -1, 1, 1, 1, 1, -1, 1, -1, 1, 1, 0, -1, 1, 1, -1, -1, 0, -1, -1, -1, 1, -1, -1, -1, 1, 1, 1, 0.56, 7, 0, 0, 0, 0, 19, 1, 2.263, 0, 0, 22, 71, 0, -1]
[1, 0, 1, 1, 1, 1, -1, -1, 1, -1, 1, 1, 0, -1, 1, 1, -1, -1, 0, -1, -1, -1, 1, 1, 1, -1, 1, 1, 1, 0.55, 9, 0, 0, 0, 0, 10, 2, 2.588, 0, 0, 22, 73, 0, -1]
[1, 0, 1, 1, 1, 1, -1, -1, 1, -1, 1, 1, 0, -1, 1, 1, -1, -1, 0, -1, -1, -1, 1, 1, 1, -1, 1, 1, 1, 0.55, 9, 0, 0, 0, 0, 12, 1, 5.1, 0, 0, 22, 73, 0, -1]
[1, -1, -1, 1, 1, 1, 0, -1, 1, -1, 1, 1, 0, -1, 1, 1, -1, -1, 0, -1, -1, -1, 1, -1, -1, -1, 1, 1, 1, 0.53, 8, 0, 0, 0, 0, 19, 1, 3.267, 0, 0, 26, 76, 0, -1]
[1, -1, -1, 1, 1, 1, 0, -1, 1, -1, 1, 1, 0, -1, 1, 1, -1, -1, 0, -1, -1, -1, 1, -1, -1, -1, 1, 1, 1, 0.53, 8, 0, 0, 0, 0, 19, 2, 7.857, 0, 0, 26, 76, 0, -1]
[1, -1, -1, 1, 1, 1, 0, -1, 1, -1, 1, 1, 0, -1, 1, 1, -1, -1, 0, -1, -1, -1, 1, -1, -1, -1, 1, 1, 1, 0.53, 8, 0, 0, 0, 0, 19, 1, 3.769, 0, 0, 26, 76, 0, -1]
[1, 1, 1, 1, 1, -1, 0, -1, 1, -1, 1, 1, 0, -1, 1, 1, -1, -1, 1, -1, -1, -1, 1, 1, 1, -1, 1, 1, 1, 0.02, 8, 0, 0, 0, 0, 13, 2, 35.0, 0, 0, 30, 42, 1, -1]
[1, -1, 1, 1, 1, -1, 0, -1, 1, -1, 1, 1, -1, -1, -1, -1, -1, -1, -1, -1, -1, -1, -1, 1, 1, -1, 1, -1, 1, 0.66, 16, 0, 0, 0, 0, 9, 2, 28.5, 0, 0, 15, 80, 1, -1]
[1, 0, -1, 1, 1, 1, 1, -1, 1, -1, 1, 1, 0, -1, 1, 1, -1, -1, 0, -1, -1, -1, 1, -1, -1, -1, 1, 1, 1, 0.56, 7, 0, 0, 0, 0, 19, 1, 3.429, 0, 0, 22, 71, 0, -1]
[1, 0, -1, 1, 1, 1, 1, -1, 1, -1, 1, 1, 0, -1, 1, 1, -1, -1, 0, -1, -1, -1, 1, -1, -1, -1, 1, 1, 1, 0.56, 7, 0, 0, 0, 0, 19, 2, 2.938, 0, 0, 22, 71, 0, -1]
[1, 0, -1, 1, 1, 1, 1, -1, 1, -1, 1, 1, 0, -1, 1, 1, -1, -1, 0, -1, -1, -1, 1, -1, -1, -1, 1, 1, 1, 0.56, 7, 0, 0, 0, 0, 19, 1, 3.214, 0, 0, 22, 71, 0, -1]
[1, 0, 1, 1, 1, 1, -1, 1, 1, -1, 1, 1, 0, -1, 1, 1, -1, -1, 0, -1, -1, -1, 1, 1, 1, -1, 1, 1, 1, 0.54, 9, 0, 0, 0, 0, 11, 2, 3.267, 0, 0, 22, 74, 0, -1]
[1, 1, 1, 1, 1, -1, 1, -1, 1, -1, 1, 1, -1, -1, -1, -1, -1, -1, -1, -1, -1, -1, -1, -1, -1, -1, 1, -1, 1, 0.03, 9, 0, 0, 0, 0, 14, 1, 29.0, 2, 0, 23, 39, 3, -1]
[1, 1, 1, 1, 1, 1, 0, 1, 1, -1, 1, 1, 0, -1, 0, 1, -1, -1, 1, -1, -1, -1, 1, -1, -1, -1, 1, 1, 1, 0.03, 7, 0, 0, 0, 0, 17, 3, 29.0, 0, 0, 23, 35, 0, -1]
[1, 1, 1, 1, 1, 1, -1, 1, 1, -1, 1, 1, 0, -1, 0, 1, -1, -1, 1, -1, -1, -1, 1, -1, -1, -1, 1, 1, 1, 0.23, 8, 0, 0, 0, 0, 17, 3, 36.0, 0, 0, 23, 44, 0, -1]
[1, 1, 1, 1, 1, -1, 0, 1, -1, -1, 1, 1, -1, -1, 0, 1, -1, -1, 1, -1, -1, -1, 1, -1, -1, -1, 1, 1, 1, 0.03, 9, 0, 0, 0, 0, 6, 1, 27.0, 2, 0, 21, 37, 2, -1]
[1, 1, 1, 1, 1, 1, 1, 1, 1, -1, 1, 1, 0, -1, 0, 1, -1, -1, 1, -1, -1, -1, 1, -1, -1, -1, 1, 1, 1, 0.04, 6, 0, 0, 0, 0, 10, 3, 19.0, 0, 0, 13, 24, 0, -1]
[1, 0, 1, 1, 1, 1, -1, -1, 1, -1, 1, 1, 0, -1, 1, 1, -1, -1, 0, -1, -1, -1, 1, 1, 1, -1, 1, 1, 1, 0.55, 9, 0, 0, 0, 0, 10, 1, 3.462, 0, 0, 22, 73, 0, -1]
[1, 0, -1, 1, 1, 1, 1, 1, 1, -1, 1, 1, 0, -1, 1, 1, -1, -1, 0, -1, -1, -1, 1, -1, -1, -1, 1, 1, 1, 0.56, 7, 0, 0, 0, 0, 31, 3, 2.882, 0, 0, 22, 72, 0, -1]
[1, 0, -1, 1, 1, 1, 1, -1, 1, -1, 1, 1, 0, -1, 1, 1, -1, -1, 0, -1, -1, -1, 1, -1, -1, -1, 1, 1, 1, 0.56, 7, 0, 0, 0, 0, 22, 2, 3.571, 0, 0, 22, 71, 0, -1]
[1, 0, -1, 1, 1, 1, 1, -1, 1, -1, 1, 1, 0, -1, 1, 1, -1, -1, 0, -1, -1, -1, 1, -1, -1, -1, 1, 1, 1, 0.56, 7, 0, 0, 0, 0, 19, 1, 5.2, 0, 0, 22, 71, 0, -1]
[1, 1, 1, 1, 1, -1, 0, 1, -1, -1, 1, 1, -1, -1, 1, 1, -1, -1, 1, -1, -1, -1, 1, -1, -1, -1, 1, 0, 1, 0.02, 9, 0, 0, 0, 0, 8, 3, 24.0, 16, 0, 18, 48, 2, -1]
[1, 1, 1, 1, 1, -1, 0, 1, -1, -1, 1, 1, -1, -1, 1, 1, -1, -1, 1, -1, -1, -1, 1, -1, -1, -1, 1, 0, 1, 0.02, 9, 0, 0, 0, 0, 8, 3, 24.0, 16, 0, 18, 48, 2, -1]
[1, 0, 1, 1, 1, -1, 0, 1, 1, -1, 1, 1, 0, -1, 1, 1, -1, -1, 1, -1, -1, -1, 1, 1, 1, -1, 1, 1, 1, 0.02, 13, 0, 0, 0, 0, 10, 1, 34.0, 10, 0, 28, 56, 6, -1]
[1, 0, 1, 1, 1, -1, -1, 1, -1, 1, 1, 1, 0, -1, -1, 1, -1, -1, 1, -1, -1, -1, 1, -1, -1, -1, 1, -1, 1, 0.37, 11, 0, 0, 0, 0, 8, 3, 47.0, 2, 0, 23, 59, 1, -1]
[1, 0, -1, 1, 1, 1, 1, 1, 1, -1, 1, 1, 0, -1, 1, 1, -1, -1, 0, -1, -1, -1, 1, -1, -1, -1, 1, 1, 1, 0.56, 7, 0, 0, 0, 0, 19, 1, 2.75, 0, 0, 22, 72, 0, -1]
[1, 0, -1, 1, 1, 1, 1, 1, 1, -1, 1, 1, 0, -1, 1, 1, -1, -1, 0, -1, -1, -1, 1, -1, -1, -1, 1, 1, 1, 0.56, 7, 0, 0, 0, 0, 19, 1, 2.444, 0, 0, 22, 72, 0, -1]
[1, 0, -1, 1, 1, 1, 1, -1, 1, -1, 1, 1, 0, -1, 1, 1, -1, -1, 0, -1, -1, -1, 1, -1, -1, -1, 1, 1, 1, 0.56, 7, 0, 0, 0, 0, 19, 1, 4.0, 0, 0, 22, 71, 0, -1]
[1, 0, -1, 1, 1, 1, 1, 1, 1, -1, 1, 1, 0, -1, 1, 1, -1, -1, 0, -1, -1, -1, 1, -1, -1, -1, 1, 1, 1, 0.56, 7, 0, 0, 0, 0, 19, 3, 3.5, 0, 0, 22, 72, 0, -1]
[1, 0, -1, 1, 1, 1, 1, -1, 1, -1, 1, 1, 0, -1, 1, 1, -1, -1, 0, -1, -1, -1, 1, -1, -1, -1, 1, 1, 1, 0.56, 7, 0, 0, 0, 0, 20, 3, 3.333, 0, 0, 22, 71, 0, -1]
[1, 0, -1, 1, 1, 1, 1, 1, 1, -1, 1, 1, 0, -1, 1, 1, -1, -1, 0, -1, -1, -1, 1, -1, -1, -1, 1, 1, 1, 0.56, 7, 0, 0, 0, 0, 19, 2, 2.588, 0, 0, 22, 72, 0, -1]
[1, 0, -1, 1, 1, 1, 1, -1, 1, -1, 1, 1, 0, -1, 1, 1, -1, -1, 0, -1, -1, -1, 1, -1, -1, -1, 1, 1, 1, 0.56, 7, 0, 0, 0, 0, 19, 3, 2.875, 0, 0, 22, 71, 0, -1]
[1, 0, -1, 1, 1, 1, 1, -1, 1, -1, 1, 1, 0, -1, 1, 1, -1, -1, 0, -1, -1, -1, 1, -1, -1, -1, 1, 1, 1, 0.56, 7, 0, 0, 0, 0, 19, 1, 2.812, 0, 0, 22, 71, 0, -1]
[1, 0, -1, 1, 1, 1, 1, -1, 1, -1, 1, 1, 0, -1, 1, 1, -1, -1, 0, -1, -1, -1, 1, -1, -1, -1, 1, 1, 1, 0.56, 7, 0, 0, 0, 0, 19, 1, 2.444, 0, 0, 22, 71, 0, -1]
[1, 1, 1, 1, 1, 1, 0, -1, -1, 1, 1, 1, -1, -1, 0, 1, -1, -1, 1, -1, -1, -1, 1, -1, -1, -1, 1, -1, 1, 0.03, 7, 0, 0, 0, 0, 10, 3, 25.0, 0, 0, 20, 31, 0, -1]
[1, 1, 1, 1, 1, -1, 0, -1, 1, -1, 1, 1, 0, -1, 0, 1, -1, -1, 1, -1, -1, -1, 1, 1, 1, -1, 1, 1, 1, 0.03, 8, 0, 0, 0, 0, 10, 3, 21.0, 6, 0, 16, 34, 1, -1]
[1, 1, -1, 1, 1, 1, 0, -1, 1, -1, 1, 1, 0, -1, 0, 1, -1, -1, 1, -1, -1, -1, 1, 1, 1, -1, 1, 1, 1, 0.03, 7, 0, 0, 0, 0, 15, 3, 32.0, 0, 0, 27, 38, 0, -1]
[1, 1, 1, 1, 1, 1, 0, -1, -1, -1, 1, 1, 0, -1, 1, 1, -1, -1, 1, -1, -1, -1, 1, -1, -1, -1, 1, 1, 1, 0.04, 7, 0, 0, 0, 0, 6, 3, 17.0, 2, 0, 12, 25, 0, -1]
[1, 1, -1, 1, 1, 1, 0, 1, 1, -1, 1, 1, -1, -1, -1, -1, -1, -1, -1, -1, -1, -1, -1, 1, 1, -1, 1, -1, 1, 0.3, 7, 0, 0, 0, 0, 7, 2, 21.0, 0, 0, 9, 27, 0, -1]
[1, -1, 1, 1, 1, 1, -1, -1, 1, -1, 1, 1, 0, -1, 0, 1, -1, -1, 1, -1, -1, -1, 1, 1, 1, -1, 1, 1, 1, 0.01, 8, 0, 0, 0, 0, 11, 2, 64.0, 12, 0, 59, 83, 0, -1]
[1, -1, -1, 1, 1, 1, 0, 1, 1, -1, 1, 1, 0, -1, 1, 1, -1, -1, 0, -1, -1, -1, 1, -1, -1, -1, 1, 1, 1, 0.52, 8, 0, 0, 0, 0, 19, 1, 3.188, 0, 0, 26, 77, 0, -1]
[1, 1, 1, 1, 1, 1, 0, 1, -1, -1, 1, 1, 0, -1, 0, 1, -1, -1, 1, -1, -1, -1, 1, -1, -1, -1, 1, 1, 1, 0.5, 8, 0, 0, 0, 0, 5, 2, 5.0, 0, 0, 5, 30, 0, -1]
[1, 0, 1, 1, 1, 1, 1, 1, -1, -1, 1, 1, 0, -1, 0, 1, -1, -1, 1, -1, -1, -1, 1, -1, -1, -1, 1, 1, 1, 0.49, 7, 0, 0, 0, 0, 17, 2, 51.0, 0, 0, 19, 57, 0, -1]
[1, -1, 1, 1, 1, 1, 0, -1, 1, -1, 1, 1, -1, -1, -1, -1, -1, -1, -1, -1, -1, -1, -1, -1, -1, -1, 1, -1, 1, 0.68, 15, 0, 0, 0, 0, 13, 1, 60.0, 0, 0, 19, 91, 0, -1]
[1, 0, 1, 1, 1, -1, 0, -1, -1, 1, 1, 1, 0, -1, 0, 1, -1, -1, 1, -1, -1, -1, 1, -1, -1, -1, 1, 1, 1, 0.02, 10, 0, 0, 0, 0, 12, 3, 44.0, 2, 0, 39, 55, 3, -1]
[1, 1, 1, 1, 1, 1, 1, -1, -1, -1, 1, 1, 0, -1, 0, 1, -1, -1, 1, -1, -1, -1, 1, -1, -1, -1, 1, 1, 1, 0.05, 6, 1, 0, 0, 0, 5, 4, 14.0, 2, 0, 9, 21, 0, -1]
[1, 1, 1, 1, 1, 1, 1, 1, 1, -1, 1, 1, 0, -1, 0, 1, -1, -1, 1, -1, -1, -1, -1, -1, -1, -1, 1, 1, 1, 0.03, 6, 0, 0, 0, 0, 16, 3, 25.0, 0, 0, 19, 30, 0, -1]
[1, 1, 1, 1, 1, 1, 1, -1, 1, -1, 1, 1, -1, -1, -1, -1, -1, -1, -1, -1, -1, -1, -1, -1, -1, -1, 1, -1, 1, 0.06, 6, 0, 0, 0, 0, 5, 3, 13.0, 0, 0, 8, 18, 0, -1]
[1, 1, 1, 1, 1, 1, 0, -1, -1, 1, 1, 1, -1, -1, 0, 1, -1, -1, 1, -1, -1, -1, 1, -1, -1, -1, 1, -1, 1, 0.03, 7, 0, 0, 0, 0, 10, 3, 25.0, 0, 0, 20, 31, 0, -1]
[1, -1, 1, 1, 1, 1, -1, -1, 1, -1, 1, 1, 0, -1, 0, 1, -1, -1, 1, -1, -1, -1, 1, 1, 1, -1, 1, 1, 1, 0.01, 8, 0, 0, 0, 0, 10, 1, 63.0, 13, 0, 58, 83, 0, -1]
[1, 0, 1, 1, 1, 1, 1, 1, 1, -1, 1, 1, 0, -1, 0, 1, -1, -1, 1, -1, -1, -1, 1, 1, 1, -1, 1, 1, 1, 0.41, 8, 0, 0, 0, 0, 21, 3, 25.0, 0, 0, 24, 58, 0, -1]
[1, 1, 1, 1, 1, 1, 0, -1, -1, -1, 1, 1, 0, -1, 1, 1, -1, -1, 1, -1, -1, -1, 1, -1, -1, -1, 1, 1, 1, 0.03, 7, 0, 0, 0, 0, 11, 3, 24.0, 0, 0, 19, 30, 0, -1]
[1, -1, -1, 1, 1, 1, 1, -1, 1, -1, 1, 1, 0, -1, 0, 1, -1, -1, 1, -1, -1, -1, 1, 1, 1, -1, 1, 1, 1, 0.61, 13, 0, 0, 0, 0, 22, 1, 7.25, 0, 0, 25, 88, 0, -1]
[1, -1, 1, 1, 1, 1, 1, 1, 1, -1, 1, 1, 0, -1, 0, 1, -1, -1, 1, -1, -1, -1, 1, -1, -1, -1, 1, 1, 1, 0.72, 12, 0, 0, 0, 0, 15, 3, 4.357, 0, 0, 15, 88, 0, -1]
[1, -1, 1, 1, 1, 1, -1, -1, -1, -1, 1, 1, -1, -1, -1, -1, -1, -1, -1, -1, -1, -1, -1, -1, -1, -1, 1, -1, 1, 0.2, 16, 0, 0, 1, 1, 11, 1, 67.0, 0, 0, 16, 96, 0, -1]
[1, -1, 1, 1, 1, 1, -1, -1, -1, -1, 1, 1, -1, -1, -1, -1, -1, -1, -1, -1, -1, -1, -1, -1, -1, -1, 1, -1, 1, 0.17, 20, 0, 0, 1, 1, 11, 1, 13.6, 0, 0, 16, 115, 0, -1]
[1, -1, 1, 1, 1, 1, -1, -1, -1, -1, 1, 1, -1, -1, -1, -1, -1, -1, -1, -1, -1, -1, -1, -1, -1, -1, 1, -1, 1, 0.2, 16, 0, 0, 1, 1, 11, 1, 65.0, 0, 0, 16, 96, 0, -1]
[1, 1, 1, 1, 1, -1, -1, -1, 1, -1, 1, 1, 0, -1, 0, 1, -1, -1, 1, -1, -1, -1, 1, 1, 1, -1, 1, 1, 1, 0.02, 11, 0, 0, 0, 0, 9, 2, 39.0, 0, 0, 34, 49, 2, -1]
[1, -1, 1, 1, 1, 1, 0, 1, 1, -1, 1, 1, 0, -1, 0, 1, -1, -1, 1, -1, -1, -1, 1, 1, 1, -1, 1, 1, 1, 0.42, 20, 0, 0, 1, 1, 11, 1, 2.636, 0, 0, 6, 124, 0, -1]
[1, -1, -1, 1, 1, 1, 0, -1, 1, -1, 1, 1, 0, -1, 1, 1, -1, -1, 0, -1, -1, -1, 1, -1, -1, -1, 1, 1, 1, 0.53, 8, 0, 0, 0, 0, 19, 2, 2.875, 0, 0, 26, 76, 0, -1]
[1, -1, 1, 1, 1, 1, -1, -1, 1, -1, 1, 1, 0, -1, 0, 1, -1, -1, 1, -1, -1, -1, 1, 1, 1, -1, 1, 1, 1, 0.01, 8, 0, 0, 0, 0, 9, 1, 65.0, 11, 0, 60, 83, 0, -1]
[1, -1, 1, 1, 1, 1, -1, -1, 1, -1, 1, 1, 0, -1, 0, 1, -1, -1, 1, -1, -1, -1, 1, 1, 1, -1, 1, 1, 1, 0.76, 21, 0, 0, 0, 0, 21, 1, 118.0, 0, 0, 24, 138, 0, -1]
[1, 1, 1, 1, 1, 1, 0, 1, 1, -1, 1, 1, 0, -1, 0, 1, -1, -1, 1, -1, -1, -1, 1, 1, 1, -1, 1, 1, 1, 0.04, 7, 0, 0, 0, 0, 7, 3, 19.0, 0, 0, 13, 25, 0, -1]
[1, 1, 1, 1, 1, 1, 0, -1, -1, 1, 1, 1, -1, -1, 0, 1, -1, -1, 1, -1, -1, -1, 1, -1, -1, -1, 1, -1, 1, 0.03, 7, 0, 0, 0, 0, 10, 3, 25.0, 0, 0, 20, 31, 0, -1]
[1, 1, -1, 1, 1, -1, 0, -1, 1, -1, 1, 1, 0, -1, -1, 1, -1, -1, 1, -1, -1, -1, 1, 1, 1, -1, 1, 1, 1, 0.02, 9, 0, 0, 0, 0, 14, 3, 37.0, 2, 0, 32, 47, 2, -1]
[1, 1, 1, 1, 1, -1, 1, 1, 1, -1, 1, 1, 0, -1, 0, 1, -1, -1, 1, -1, -1, -1, 1, -1, -1, -1, 1, 1, 1, 0.04, 7, 0, 0, 0, 0, 7, 2, 18.0, 0, 0, 12, 24, 1, -1]
[1, -1, -1, 1, 1, 1, 0, 1, 1, -1, 1, 1, -1, -1, 0, 1, -1, -1, 1, -1, -1, -1, 1, 1, 1, -1, 1, 0, 1, 0.18, 25, 0, 0, 1, 1, 38, 1, 0.829, 0, 0, 16, 664, 0, -1]
[1, 1, 1, 1, 1, 1, 0, -1, -1, -1, 1, 1, -1, -1, 0, 1, -1, -1, 1, -1, -1, -1, 1, -1, -1, -1, 1, -1, 1, 0.03, 7, 0, 0, 0, 0, 14, 2, 27.0, 0, 0, 22, 33, 0, -1]
[1, 1, 1, 1, 1, 1, 0, -1, 1, -1, 1, 1, -1, -1, 1, 1, -1, -1, 1, -1, -1, -1, 1, 1, 1, -1, 1, 0, 1, 0.02, 7, 0, 0, 0, 0, 22, 3, 39.0, 0, 0, 34, 45, 0, -1]
[1, 1, 1, 1, 1, 1, 0, -1, -1, 1, 1, 1, -1, -1, 0, 1, -1, -1, 1, -1, -1, -1, 1, -1, -1, -1, 1, -1, 1, 0.03, 7, 0, 0, 0, 0, 10, 3, 25.0, 0, 0, 20, 31, 0, -1]
[1, 1, 1, 1, 1, 1, 1, 1, 1, -1, 1, 1, 0, -1, 0, 1, -1, -1, 1, -1, -1, -1, 1, -1, -1, -1, 1, 1, 1, 0.49, 7, 0, 0, 0, 0, 14, 2, 29.0, 0, 0, 16, 51, 0, -1]
[1, 1, 1, 1, 1, 1, 0, -1, -1, 1, 1, 1, -1, -1, 0, 1, -1, -1, 1, -1, -1, -1, 1, -1, -1, -1, 1, -1, 1, 0.03, 7, 0, 0, 0, 0, 10, 3, 25.0, 0, 0, 20, 31, 0, -1]
[1, -1, 1, 1, 1, 1, 0, -1, 1, -1, 1, 1, -1, -1, -1, -1, -1, -1, -1, -1, -1, -1, -1, 1, 1, -1, 1, -1, 1, 0.2, 16, 0, 0, 1, 1, 15, 1, 64.0, 0, 0, 18, 97, 0, -1]
[1, -1, -1, 1, 1, 1, 0, 1, 1, -1, 1, 1, 0, -1, 1, 1, -1, -1, 0, -1, -1, -1, 1, -1, -1, -1, 1, 1, 1, 0.52, 8, 0, 0, 0, 0, 19, 2, 3.125, 0, 0, 26, 77, 0, -1]
[1, 1, 1, 1, 1, -1, -1, -1, -1, -1, 1, 1, 0, -1, 0, 1, -1, -1, 1, -1, -1, -1, 1, -1, -1, -1, 1, 1, 1, 0.02, 10, 0, 0, 0, 0, 7, 3, 24.0, 12, 0, 19, 45, 2, -1]
[1, 0, 1, 1, 1, 1, 0, 1, 1, -1, 1, 1, 0, -1, -1, 0, -1, -1, 0, -1, -1, -1, 1, 1, 1, -1, 1, 1, 1, 0.49, 8, 0, 0, 0, 0, 21, 1, 45.0, 0, 0, 27, 74, 0, -1]
[1, 1, 1, 1, 1, 1, -1, 1, -1, -1, 1, 1, 0, -1, 0, 1, -1, -1, 1, -1, -1, -1, 1, -1, -1, -1, 1, 1, 1, 0.23, 9, 0, 0, 0, 0, 8, 2, 32.0, 0, 0, 19, 40, 0, -1]
[1, 1, 1, 1, 1, 1, -1, 1, 1, -1, 1, 1, 0, -1, 0, 1, -1, -1, 1, -1, -1, -1, 1, 1, 1, -1, 1, 1, 1, 0.27, 8, 0, 0, 0, 0, 7, 3, 26.0, 0, 0, 13, 33, 0, -1]
[1, 1, 1, 1, 1, 1, 0, 1, -1, -1, 1, 1, 0, -1, 0, 1, -1, -1, 1, -1, -1, -1, 1, -1, -1, -1, 1, 1, 1, 0.03, 7, 0, 0, 0, 0, 15, 3, 31.0, 0, 0, 25, 37, 0, -1]
[1, 0, 1, 1, 1, -1, -1, 1, -1, -1, 1, 1, 0, -1, 1, 1, -1, -1, 1, -1, -1, -1, 1, -1, -1, -1, 1, 0, 1, 0.16, 9, 0, 0, 0, 0, 19, 2, 49.0, 0, 0, 36, 57, 1, -1]
[1, 1, 1, 1, 1, 1, -1, 1, 1, 1, 1, 1, 0, -1, 0, 1, -1, -1, 1, -1, -1, -1, 1, 1, 1, -1, 1, 1, 1, 0.02, 8, 0, 0, 0, 0, 12, 2, 31.0, 5, 0, 25, 43, 0, -1]
[1, 1, 1, 1, 1, -1, 0, 1, 1, -1, 1, 1, 0, -1, 0, 1, -1, -1, 1, -1, -1, -1, 1, 1, 1, -1, 1, 0, 1, 0.03, 8, 0, 0, 0, 0, 10, 3, 22.0, 6, 0, 16, 35, 1, -1]
[1, 1, 1, 1, 1, -1, 0, -1, 1, -1, 1, 1, 0, -1, 0, 1, -1, -1, 1, -1, -1, -1, 1, 1, 1, -1, 1, 0, 1, 0.03, 9, 0, 0, 0, 0, 10, 3, 27.0, 5, 0, 22, 40, 2, -1]
[1, 1, 1, 1, 1, 1, 0, -1, -1, -1, 1, 1, 0, -1, 0, 1, -1, -1, 1, -1, -1, -1, 1, -1, -1, -1, 1, 0, 1, 0.03, 7, 0, 0, 0, 0, 6, 2, 21.0, 2, 0, 16, 29, 0, -1]
[1, 1, 1, 1, 1, -1, 0, 1, 1, -1, 1, 1, 0, -1, 0, 1, -1, -1, 1, -1, -1, -1, 1, 1, 1, -1, 1, 0, 1, 0.02, 9, 0, 0, 0, 0, 10, 3, 28.0, 6, 0, 22, 42, 2, -1]
[1, 1, 1, 1, 1, -1, 0, 1, -1, -1, 1, 1, 0, -1, 0, 1, -1, -1, 1, -1, -1, -1, 1, -1, -1, -1, 1, 0, 1, 0.03, 8, 0, 0, 0, 0, 6, 4, 22.0, 6, 0, 16, 35, 1, -1]
[1, 1, 1, 1, 1, 1, 0, 1, 1, -1, 1, 1, 0, -1, 0, 1, -1, -1, 1, -1, -1, -1, 1, 1, 1, -1, 1, 0, 1, 0.04, 7, 0, 0, 0, 0, 7, 3, 20.0, 2, 0, 14, 28, 0, -1]
[1, 0, 1, 1, 1, 1, 0, 1, 1, 1, 1, 1, 0, -1, -1, 1, -1, -1, 1, -1, -1, -1, 1, 1, 1, -1, 1, 1, 1, 0.6, 11, 0, 0, 0, 0, 6, 1, 30.0, 0, 0, 14, 62, 0, -1]
[1, 1, 1, 1, 1, -1, 1, -1, -1, -1, 1, 1, -1, -1, -1, -1, -1, -1, -1, -1, -1, -1, -1, -1, -1, -1, 1, -1, 1, 0.19, 8, 0, 0, 0, 0, 9, 2, 30.0, 0, 0, 18, 37, 2, -1]
[1, 1, 1, 1, 1, 1, 0, -1, 1, -1, 1, 1, 0, -1, 0, 1, -1, -1, 1, -1, -1, -1, 1, 1, 1, -1, 1, 1, 1, 0.04, 7, 0, 0, 0, 0, 10, 2, 20.0, 0, 0, 15, 26, 0, -1]
[1, 1, 1, 1, 1, 1, 0, -1, -1, -1, 1, 1, -1, -1, -1, -1, -1, -1, -1, -1, -1, -1, -1, -1, -1, -1, 1, -1, 1, 0.51, 9, 0, 0, 0, 0, 10, 3, 20.0, 0, 0, 14, 49, 0, -1]
[1, 0, 1, 1, 1, 1, 1, 1, 1, -1, 1, 1, 0, -1, 0, 1, -1, -1, 1, -1, -1, -1, 1, -1, -1, -1, 1, 1, 1, 0.48, 7, 0, 0, 0, 0, 16, 3, 33.0, 0, 0, 19, 56, 0, -1]
[1, 1, 1, 1, 1, 1, 0, -1, -1, -1, 1, 1, -1, -1, -1, -1, -1, -1, -1, -1, -1, -1, -1, -1, -1, -1, 1, -1, 1, 0.03, 7, 0, 0, 0, 0, 12, 2, 24.0, 0, 0, 18, 30, 0, -1]
[1, 1, 1, 1, 1, 1, 1, -1, 1, -1, 1, 1, 0, -1, 0, 1, -1, -1, 1, -1, -1, -1, 1, 1, 1, -1, 1, 1, 1, 0.04, 6, 0, 0, 0, 0, 10, 3, 18.0, 0, 0, 13, 23, 0, -1]
[1, 1, 1, 1, 1, -1, -1, -1, -1, -1, 1, 1, -1, -1, -1, -1, -1, -1, -1, -1, -1, -1, -1, -1, -1, -1, 1, -1, 1, 0.12, 10, 0, 0, 0, 0, 6, 3, 39.0, 0, 0, 28, 48, 2, -1]
[1, 1, 1, 1, 1, 1, 1, -1, 1, -1, 1, 1, 0, -1, 0, 1, -1, -1, 1, -1, -1, -1, 1, 1, 1, -1, 1, 1, 1, 0.03, 6, 0, 0, 0, 0, 16, 3, 24.0, 0, 0, 19, 29, 0, -1]
[1, 1, 1, 1, 1, -1, 0, -1, -1, -1, 1, 1, -1, -1, -1, -1, -1, -1, -1, -1, -1, -1, -1, -1, -1, -1, 1, -1, 1, 0.02, 11, 0, 0, 0, 0, 11, 1, 33.0, 2, 0, 27, 45, 4, -1]
[1, 1, 1, 1, 1, -1, -1, -1, 1, -1, 1, 1, 0, -1, 0, 1, -1, -1, 1, -1, -1, -1, 1, -1, -1, -1, 1, 1, 1, 0.02, 11, 0, 0, 0, 0, 9, 2, 32.0, 5, 0, 27, 47, 2, -1]
[1, 1, 1, 1, 1, 1, 1, -1, 1, -1, 1, 1, 0, -1, 0, 1, -1, -1, 1, -1, -1, -1, -1, 1, 1, -1, 1, 1, 1, 0.11, 6, 0, 0, 0, 0, 12, 2, 22.0, 0, 0, 15, 27, 0, -1]
[1, 1, 1, 1, 1, 1, 1, -1, 1, -1, 1, 1, 0, -1, 0, 1, -1, -1, 1, -1, -1, -1, 1, 1, 1, -1, 1, 1, 1, 0.05, 6, 0, 0, 0, 0, 9, 2, 16.0, 0, 0, 11, 21, 0, -1]
[1, -1, 1, 1, 1, 1, 0, 1, 1, -1, 1, 1, 0, -1, 0, 1, -1, -1, 1, -1, -1, -1, 1, 1, 1, -1, 1, 1, 1, 0.69, 9, 0, 0, 0, 0, 12, 2, 2.2, 0, 0, 13, 77, 0, -1]
[1, 1, 1, 1, 1, 1, -1, 1, 1, 1, 1, 1, 0, -1, 0, 1, -1, -1, 1, -1, -1, -1, 1, 1, 1, -1, 1, 1, 1, 0.02, 8, 0, 0, 0, 0, 12, 2, 31.0, 6, 0, 25, 44, 0, -1]
[1, 1, 1, 1, 1, -1, 0, 1, 1, -1, 1, 1, 0, -1, 0, 1, -1, -1, 1, -1, -1, -1, 1, 1, 1, -1, 1, 0, 1, 0.02, 8, 0, 0, 0, 0, 19, 3, 41.0, 0, 0, 35, 48, 1, -1]
[1, 1, 1, 1, 1, -1, 0, -1, 1, -1, 1, 1, 0, -1, 0, 1, -1, -1, 1, -1, -1, -1, 1, 1, 1, -1, 1, 1, 1, 0.03, 8, 0, 0, 0, 0, 11, 2, 29.0, 0, 0, 24, 36, 1, -1]
[1, 1, 1, 1, 1, 1, -1, -1, -1, -1, 1, 1, 0, -1, 0, 1, -1, -1, 1, -1, -1, -1, 1, -1, -1, -1, 1, 1, 1, 0.05, 8, 0, 0, 0, 0, 4, 4, 5.0, 9, 0, 0, 21, 0, -1]
[1, 1, 1, 1, 1, 1, 0, -1, 1, -1, 1, 1, 0, -1, 1, 1, -1, -1, 1, -1, -1, -1, 1, 1, 1, -1, 1, 1, 1, 0.03, 7, 0, 0, 0, 0, 12, 3, 32.0, 0, 0, 27, 38, 0, -1]
[1, 1, 1, 1, 1, 1, 1, -1, 1, -1, 1, 1, 0, -1, 0, 1, -1, -1, 1, -1, -1, -1, -1, 1, 1, -1, 1, 1, 1, 0.05, 6, 0, 0, 0, 0, 4, 3, 11.0, 4, 0, 6, 20, 0, -1]
[1, 1, 1, 1, 1, -1, 0, 1, 1, -1, 1, 1, 0, -1, 0, 1, -1, -1, 1, -1, -1, -1, 1, 1, 1, -1, 1, 0, 1, 0.03, 8, 0, 0, 0, 0, 10, 3, 29.0, 3, 0, 23, 39, 1, -1]
[1, 1, 1, 1, 1, -1, 0, -1, -1, -1, 1, 1, 0, -1, 1, 1, -1, -1, 1, -1, -1, -1, 1, -1, -1, -1, 1, 1, 1, 0.03, 9, 0, 0, 0, 0, 6, 3, 25.0, 2, 0, 20, 35, 2, -1]
[1, -1, 1, 1, 1, 1, -1, 1, 1, -1, 1, 1, 0, -1, 0, 1, -1, -1, 1, -1, -1, -1, 1, 1, 1, -1, 1, 1, 1, 0.01, 8, 0, 0, 0, 0, 13, 2, 69.0, 8, 0, 63, 84, 0, -1]
[1, -1, 1, 1, 1, -1, -1, 1, 1, -1, 1, 1, 0, -1, 0, 1, -1, -1, 1, -1, -1, -1, 1, 1, 1, -1, 1, 1, 1, 0.71, 11, 0, 0, 0, 0, 14, 1, 80.0, 0, 0, 18, 105, 1, -1]
[1, 1, 1, 1, 1, 1, 0, 1, -1, -1, 1, 1, 0, -1, 0, 1, -1, -1, 1, -1, -1, -1, 1, -1, -1, -1, 1, 0, 1, 0.04, 7, 0, 0, 0, 0, 6, 4, 21.0, 0, 0, 15, 27, 0, -1]
[1, 1, 1, 1, 1, 1, -1, 1, 1, 1, 1, 1, 0, -1, 0, 1, -1, -1, 1, -1, -1, -1, 1, 1, 1, -1, 1, 1, 1, 0.02, 8, 0, 0, 0, 0, 12, 2, 31.0, 6, 0, 25, 44, 0, -1]
[1, 1, 1, 1, 1, -1, 0, 1, 1, -1, 1, 1, 0, -1, 0, 1, -1, -1, 1, -1, -1, -1, 1, 1, 1, -1, 1, 1, 1, 0.02, 9, 0, 0, 0, 0, 12, 1, 37.0, 2, 0, 31, 47, 2, -1]
[1, 1, 1, 1, 1, 1, 0, 1, 1, -1, 1, 1, 0, -1, 0, 1, -1, -1, 1, -1, -1, -1, 1, 1, 1, -1, 1, 0, 1, 0.04, 7, 0, 0, 0, 0, 7, 2, 20.0, 2, 0, 14, 28, 0, -1]
[1, 1, 1, 1, 1, -1, -1, -1, 1, -1, 1, 1, 0, -1, 0, 1, -1, -1, 1, -1, -1, -1, 1, -1, -1, -1, 1, 1, 1, 0.02, 11, 0, 0, 0, 0, 10, 2, 41.0, 0, 0, 36, 51, 2, -1]
[1, 0, 1, 1, 1, 1, -1, -1, 1, -1, 1, 1, 0, -1, 1, 1, -1, -1, 0, -1, -1, -1, 1, 1, 1, -1, 1, 1, 1, 0.55, 9, 0, 0, 0, 0, 14, 1, 2.812, 0, 0, 22, 73, 0, -1]
[1, 0, 1, 1, 1, -1, -1, -1, -1, -1, 1, 1, -1, -1, -1, -1, -1, -1, -1, -1, -1, -1, -1, -1, -1, -1, 1, -1, 1, 0.19, 13, 0, 0, 0, 0, 14, 3, 51.0, 12, 0, 33, 75, 3, -1]
[1, 1, 1, 1, 1, 1, 0, -1, -1, -1, 1, 1, -1, -1, 0, 1, -1, -1, 1, -1, -1, -1, 1, -1, -1, -1, 1, -1, 1, 0.23, 8, 0, 0, 0, 0, 12, 2, 15.5, 0, 0, 20, 39, 0, -1]
[1, 0, 1, 1, 1, -1, -1, -1, -1, -1, 1, 1, -1, -1, -1, -1, -1, -1, -1, -1, -1, -1, -1, -1, -1, -1, 1, -1, 1, 0.14, 13, 0, 0, 0, 0, 14, 3, 47.0, 12, 0, 33, 71, 3, -1]
[1, -1, 1, 1, 1, 1, 0, 1, 1, -1, 1, 1, 0, -1, 0, 1, -1, -1, 1, -1, -1, -1, 1, 1, 1, -1, 1, 1, 1, 0.16, 14, 0, 0, 1, 1, 21, 1, 2.205, 0, 0, 24, 167, 0, -1]
[1, 0, 1, 1, 1, 1, -1, 1, 1, -1, 1, 1, 0, -1, 1, 1, -1, -1, 0, -1, -1, -1, 1, 1, 1, -1, 1, 1, 1, 0.54, 9, 0, 0, 0, 0, 21, 2, 2.143, 0, 0, 22, 74, 0, -1]
[1, 0, 1, 1, 1, 1, -1, -1, 1, -1, 1, 1, 0, -1, 1, 1, -1, -1, 0, -1, -1, -1, 1, 1, 1, -1, 1, 1, 1, 0.55, 9, 0, 0, 0, 0, 29, 2, 2.421, 0, 0, 22, 73, 0, -1]
[1, 0, 1, 1, 1, 1, -1, -1, 1, -1, 1, 1, 0, -1, 1, 1, -1, -1, 0, -1, -1, -1, 1, 1, 1, -1, 1, 1, 1, 0.55, 9, 0, 0, 0, 0, 21, 2, 2.611, 0, 0, 22, 73, 0, -1]
[1, 0, 1, 1, 1, 1, -1, -1, 1, -1, 1, 1, 0, -1, 1, 1, -1, -1, 0, -1, -1, -1, 1, 1, 1, -1, 1, 1, 1, 0.55, 9, 0, 0, 0, 0, 13, 1, 3.917, 0, 0, 22, 73, 0, -1]
[1, 0, 1, 1, 1, 1, -1, -1, 1, -1, 1, 1, 0, -1, 1, 1, -1, -1, 0, -1, -1, -1, 1, 1, 1, -1, 1, 1, 1, 0.55, 9, 0, 0, 0, 0, 10, 1, 3.615, 0, 0, 22, 73, 0, -1]
[1, 0, 1, 1, 1, 1, -1, -1, 1, -1, 1, 1, 0, -1, 1, 1, -1, -1, 0, -1, -1, -1, 1, 1, 1, -1, 1, 1, 1, 0.55, 9, 0, 0, 0, 0, 13, 2, 2.5, 0, 0, 22, 73, 0, -1]
[1, 0, 1, 1, 1, 1, -1, -1, 1, -1, 1, 1, 0, -1, 1, 1, -1, -1, 0, -1, -1, -1, 1, 1, 1, -1, 1, 1, 1, 0.55, 9, 0, 0, 0, 0, 19, 1, 4.167, 0, 0, 22, 73, 0, -1]
[1, 0, 1, 1, 1, 1, 1, 1, 1, -1, 1, 1, 0, -1, 0, 1, -1, -1, 1, -1, -1, -1, 1, -1, -1, -1, 1, 1, 1, 0.49, 7, 0, 0, 0, 0, 16, 3, 33.0, 0, 0, 19, 57, 0, -1]
[1, 0, 1, 1, 1, 1, 1, -1, 1, 1, 1, 1, -1, -1, -1, 0, -1, -1, 0, -1, -1, -1, 1, 1, 1, -1, 1, -1, 1, 0.67, 10, 0, 0, 0, 0, 10, 1, 43.0, 0, 0, 12, 64, 0, -1]
[1, 1, 1, 1, 1, -1, 0, -1, -1, -1, 1, 1, -1, -1, 0, 1, -1, -1, 1, -1, -1, -1, 1, -1, -1, -1, 1, -1, 1, 0.02, 8, 0, 0, 0, 0, 13, 2, 35.0, 0, 0, 30, 42, 1, -1]
[1, 1, 1, 1, 1, 1, 0, -1, -1, -1, 1, 1, -1, -1, 0, 1, -1, -1, 1, -1, -1, -1, 1, -1, -1, -1, 1, -1, 1, 0.03, 7, 0, 0, 0, 0, 14, 2, 27.0, 0, 0, 22, 33, 0, -1]
[1, 1, 1, 1, 1, -1, 0, 1, 1, -1, 1, 1, 0, -1, 0, 1, -1, -1, 1, -1, -1, -1, 1, 1, 1, -1, 1, 0, 1, 0.02, 10, 0, 0, 0, 0, 10, 2, 28.0, 6, 0, 22, 43, 3, -1]
[1, 1, 1, 1, 1, 1, 0, -1, -1, -1, 1, 1, 0, -1, 0, 1, -1, -1, 1, -1, -1, -1, 1, -1, -1, -1, 1, 0, 1, 0.03, 7, 0, 0, 0, 0, 6, 3, 21.0, 2, 0, 16, 29, 0, -1]
[1, -1, 1, 1, 1, 1, 0, -1, 1, 1, 1, 1, -1, -1, -1, 0, -1, -1, 1, -1, -1, -1, 1, 1, 1, -1, 1, -1, 1, 0.22, 14, 0, 0, 1, 1, 12, 1, 65.0, 0, 0, 17, 95, 0, -1]
[1, 1, 1, 1, 1, 1, 0, 1, 1, -1, 1, 1, 0, -1, 0, 1, -1, -1, 1, -1, -1, -1, 1, 1, 1, -1, 1, 0, 1, 0.04, 7, 0, 0, 0, 0, 7, 3, 22.0, 0, 0, 16, 28, 0, -1]
[1, 1, 1, 1, 1, 1, 1, 1, -1, 1, 1, 1, 0, -1, -1, 0, -1, -1, 1, -1, -1, -1, 1, -1, -1, -1, 1, 1, 1, 0.37, 6, 0, 0, 0, 0, 10, 2, 25.0, 0, 0, 9, 30, 0, -1]
[1, 1, 1, 1, 1, 1, 0, 1, 1, -1, 1, 1, 0, -1, 0, 1, -1, -1, 1, -1, -1, -1, 1, 1, 1, -1, 1, 0, 1, 0.04, 7, 0, 0, 0, 0, 7, 2, 20.0, 2, 0, 14, 28, 0, -1]
[1, 0, 1, 1, 1, 1, 0, 1, 1, 1, 1, 1, 0, -1, -1, 1, -1, -1, 1, -1, -1, -1, 1, 1, 1, -1, 1, 1, 1, 0.6, 11, 0, 0, 0, 0, 6, 1, 29.0, 0, 0, 14, 62, 0, -1]
[1, 0, 1, 1, 1, 1, 0, 1, 1, 1, 1, 1, 0, -1, -1, 1, -1, -1, 1, -1, -1, -1, 1, 1, 1, -1, 1, 1, 1, 0.6, 11, 0, 0, 0, 0, 6, 1, 34.0, 0, 0, 14, 62, 0, -1]
[1, -1, 1, 1, 1, 1, -1, -1, 1, -1, 1, 1, 0, -1, 0, 1, -1, -1, 1, -1, -1, -1, 1, 1, 1, -1, 1, 1, 1, 0.01, 8, 0, 0, 0, 0, 9, 1, 66.0, 10, 0, 61, 83, 0, -1]
[1, -1, 1, 1, 1, 1, 0, -1, 1, -1, 1, 1, -1, -1, -1, -1, -1, -1, -1, -1, -1, -1, -1, 1, 1, -1, 1, -1, 1, 0.16, 19, 0, 0, 1, 1, 15, 1, 15.0, 0, 0, 18, 116, 0, -1]
[1, -1, 1, 1, 1, 1, 0, -1, 1, -1, 1, 1, -1, -1, -1, -1, -1, -1, -1, -1, -1, -1, -1, 1, 1, -1, 1, -1, 1, 0.2, 15, 0, 0, 1, 1, 15, 1, 68.0, 0, 0, 18, 97, 0, -1]
[1, -1, 1, 1, 1, 1, 0, -1, 1, -1, 1, 1, -1, -1, -1, -1, -1, -1, -1, -1, -1, -1, -1, 1, 1, -1, 1, -1, 1, 0.2, 15, 0, 0, 1, 1, 15, 1, 69.0, 0, 0, 18, 97, 0, -1]
[1, 1, 1, 1, 1, -1, 0, -1, 1, -1, 1, 1, 0, -1, 0, 1, -1, -1, 1, -1, -1, -1, -1, 1, 1, -1, 1, 1, 1, 0.33, 10, 0, 0, 0, 0, 7, 2, 30.0, 0, 0, 15, 39, 1, -1]
[1, 1, 1, 1, 1, -1, 1, 1, 1, -1, 1, 1, 0, -1, 0, 1, -1, -1, 1, -1, -1, -1, 1, -1, -1, -1, 1, 1, 1, 0.38, 8, 0, 0, 0, 0, 18, 4, 10.0, 2, 0, 19, 52, 1, -1]
[1, 1, 1, 1, 1, 1, -1, -1, 1, -1, 1, 1, -1, -1, -1, 1, -1, -1, 0, -1, -1, -1, 1, 1, 1, -1, 1, -1, 1, 0.02, 8, 0, 0, 0, 0, 12, 3, 33.0, 1, 0, 28, 41, 0, -1]
[1, 1, 1, 1, 1, -1, 0, -1, 1, -1, 1, 1, 0, -1, 0, 1, -1, -1, 1, -1, -1, -1, 1, 1, 1, -1, 1, 0, 1, 0.03, 8, 0, 0, 0, 0, 10, 3, 21.0, 6, 0, 16, 34, 1, -1]
[1, 1, 1, 1, 1, 1, 0, 1, 1, -1, 1, 1, 0, -1, 1, 1, -1, -1, 1, -1, -1, -1, 1, 1, 1, -1, 1, 1, 1, 0.03, 7, 0, 0, 0, 0, 10, 2, 25.0, 6, 0, 19, 37, 0, -1]
[1, -1, 1, 1, 1, 1, -1, -1, 1, -1, 1, 1, 0, -1, 0, 1, -1, -1, 1, -1, -1, -1, 1, 1, 1, -1, 1, 1, 1, 0.17, 10, 0, 0, 0, 0, 11, 1, 79.0, 11, 0, 60, 99, 0, -1]
[1, 1, 1, 1, 1, 1, 0, -1, 1, -1, 1, 1, -1, -1, -1, -1, -1, -1, -1, -1, -1, -1, -1, 1, 1, -1, 1, -1, 1, 0.02, 7, 0, 0, 0, 0, 9, 3, 28.0, 8, 0, 22, 42, 0, -1]
[1, 0, 1, 1, 1, 1, -1, 1, -1, 1, 1, 1, 0, -1, 0, 1, -1, -1, 1, -1, -1, -1, 1, -1, -1, -1, 1, 1, 1, 0.02, 8, 0, 0, 0, 0, 11, 1, 44.0, 3, 0, 38, 54, 0, -1]
[1, -1, 1, 1, 1, 1, -1, -1, 1, -1, 1, 1, 0, -1, 1, 1, -1, -1, 1, -1, -1, -1, 1, 1, 1, -1, 1, -1, 1, 0.01, 8, 0, 0, 0, 0, 14, 1, 65.0, 10, 0, 60, 82, 0, -1]
[1, 0, 1, 1, 1, -1, -1, 1, 1, -1, 1, 1, 0, -1, 1, 1, -1, -1, 1, -1, -1, -1, 1, 1, 1, -1, 1, 1, 1, 0.17, 9, 0, 0, 0, 0, 5, 1, 34.0, 21, 0, 19, 63, 1, -1]
[1, 1, 1, 1, 1, -1, 1, -1, 1, -1, 1, 1, 0, -1, 0, 1, -1, -1, 1, -1, -1, -1, 1, -1, -1, -1, 1, 1, 1, 0.03, 9, 0, 0, 0, 0, 7, 2, 26.0, 0, 0, 21, 34, 3, -1]
[1, 1, 1, 1, 1, 1, -1, 1, -1, 1, 1, 1, 0, -1, 0, 1, -1, -1, 1, -1, -1, -1, 1, -1, -1, -1, 1, 1, 1, 0.03, 8, 0, 0, 0, 0, 9, 2, 25.0, 0, 0, 19, 32, 0, -1]
[1, 1, 1, 1, 1, 1, 0, 1, -1, -1, 1, 1, 0, -1, 0, 1, -1, -1, 1, -1, -1, -1, 1, -1, -1, -1, 1, 1, 1, 0.21, 8, 0, 0, 0, 0, 5, 2, 3.5, 0, 0, 8, 24, 0, -1]
[1, 0, 1, 1, 1, -1, -1, 1, 1, -1, 1, 1, 0, -1, 0, 1, -1, -1, 1, -1, -1, -1, 1, -1, -1, -1, 1, 1, 1, 0.2, 11, 0, 0, 0, 0, 8, 3, 50.0, 0, 0, 34, 60, 3, -1]
[1, 1, 1, 1, 1, -1, 0, 1, -1, -1, 1, 1, -1, -1, 1, 1, -1, -1, 1, -1, -1, -1, 1, -1, -1, -1, 1, 0, 1, 0.02, 9, 0, 0, 0, 0, 8, 2, 35.0, 0, 0, 29, 43, 2, -1]
[1, 1, 1, 1, 1, -1, 0, -1, -1, -1, 1, 1, -1, -1, -1, -1, -1, -1, -1, -1, -1, -1, -1, -1, -1, -1, 1, -1, 1, 0.49, 9, 0, 0, 0, 0, 13, 3, 41.0, 0, 0, 15, 49, 1, -1]
[1, 0, 1, 1, 1, -1, -1, -1, -1, -1, 1, 1, -1, -1, -1, -1, -1, -1, -1, -1, -1, -1, -1, -1, -1, -1, 1, -1, 1, 0.22, 11, 0, 0, 0, 0, 8, 2, 45.0, 0, 0, 29, 55, 3, -1]
[1, 1, 1, 1, 1, 1, 1, -1, -1, -1, 1, 1, 0, -1, 0, 1, -1, -1, 1, -1, -1, -1, 1, -1, -1, -1, 1, 1, 1, 0.03, 6, 1, 0, 0, 0, 16, 4, 26.0, 7, 0, 21, 38, 0, -1]
[1, 1, 1, 1, 1, 1, 1, 1, 1, -1, 1, 1, 0, -1, 0, 1, -1, -1, 1, -1, -1, -1, 1, 1, 1, -1, 1, 0, 1, 0.26, 7, 0, 0, 0, 0, 15, 3, 32.0, 0, 0, 18, 38, 0, -1]
[1, 1, 1, 1, 1, 1, 0, 1, 1, -1, 1, 1, 0, -1, 0, 1, -1, -1, 1, -1, -1, -1, 1, 1, 1, -1, 1, 0, 1, 0.36, 8, 0, 0, 0, 0, 15, 3, 36.0, 0, 0, 18, 44, 0, -1]
[1, 1, 1, 1, 1, 1, 0, 1, 1, -1, 1, 1, 0, -1, 0, 1, -1, -1, 1, -1, -1, -1, 1, 1, 1, -1, 1, 0, 1, 0.36, 8, 0, 0, 0, 0, 15, 3, 36.0, 0, 0, 18, 44, 0, -1]
[1, 1, 1, 1, 1, 1, 0, 1, 1, -1, 1, 1, 0, -1, 0, 1, -1, -1, 1, -1, -1, -1, 1, 1, 1, -1, 1, 0, 1, 0.36, 8, 0, 0, 0, 0, 15, 3, 36.0, 0, 0, 18, 44, 0, -1]
[1, 0, 1, 1, 1, -1, -1, -1, 1, 1, 1, 1, -1, -1, -1, -1, -1, -1, 1, -1, -1, 1, 1, -1, -1, -1, 1, 1, 1, 0.18, 13, 0, 0, 1, 1, 8, 2, 50.0, 0, 0, 29, 67, 3, -1]
[1, 0, 1, 1, 1, -1, -1, 1, 1, -1, 1, 1, 0, -1, 0, 1, -1, -1, 1, -1, -1, -1, 1, -1, -1, -1, 1, 1, 1, 0.22, 10, 0, 0, 0, 0, 8, 3, 45.0, 0, 0, 29, 54, 2, -1]
[1, 0, 1, 1, 1, -1, -1, 1, 1, -1, 1, 1, 0, -1, 0, 1, -1, -1, 1, -1, -1, -1, 1, -1, -1, -1, 1, 1, 1, 0.2, 11, 0, 0, 0, 0, 8, 3, 50.0, 0, 0, 34, 60, 3, -1]
[1, 0, -1, 1, 1, 1, 0, -1, 1, -1, 1, 1, -1, -1, -1, -1, -1, -1, -1, -1, -1, -1, -1, 1, 1, -1, 1, -1, 1, 0.29, 10, 0, 0, 0, 0, 26, 3, 64.0, 0, 0, 41, 73, 0, -1]
[1, -1, 1, 1, 1, -1, -1, -1, -1, -1, 1, 1, -1, -1, -1, -1, -1, -1, -1, -1, -1, -1, -1, -1, -1, -1, 1, -1, 1, 0.36, 17, 0, 0, 0, 0, 11, 4, 17.333, 10, 0, 25, 80, 4, -1]
[1, -1, 1, 1, 1, -1, -1, -1, -1, -1, 1, 1, -1, -1, -1, -1, -1, -1, -1, -1, -1, -1, -1, -1, -1, -1, 1, -1, 1, 0.13, 18, 0, 0, 1, 1, 8, 1, 26.667, 10, 0, 11, 175, 1, -1]
[1, 0, 1, 1, 1, -1, -1, -1, -1, -1, 1, 1, -1, -1, -1, -1, -1, -1, -1, -1, -1, -1, -1, -1, -1, -1, 1, -1, 1, 0.39, 12, 0, 0, 0, 0, 8, 1, 10.667, 10, 0, 11, 56, 1, -1]
[1, -1, 1, 1, 1, -1, -1, -1, -1, -1, 1, 1, -1, -1, -1, -1, -1, -1, -1, -1, -1, -1, -1, -1, -1, -1, 1, -1, 1, 0.15, 19, 0, 0, 1, 1, 8, 1, 19.75, 10, 0, 11, 179, 1, -1]
[1, 0, 1, 1, 1, 1, 0, -1, 1, -1, 1, 1, -1, -1, -1, -1, -1, -1, -1, -1, -1, -1, -1, -1, -1, -1, 1, -1, 1, 0.39, 10, 0, 0, 1, 1, 11, 1, 41.0, 0, 0, 18, 71, 0, -1]
[1, 1, 1, 1, -1, 1, 1, -1, 1, -1, 1, 1, -1, -1, -1, -1, -1, -1, -1, -1, -1, -1, -1, -1, -1, -1, 1, -1, 1, 0.07, 7, 0, 0, 0, 0, 15, 3, 24.0, 0, 0, 18, 30, 0, -1]
[1, 1, 1, 1, 1, -1, 0, 1, -1, -1, 1, 1, 0, -1, 0, 1, -1, -1, 1, -1, -1, -1, 1, -1, -1, -1, 1, 0, 1, 0.03, 8, 0, 0, 0, 0, 6, 4, 22.0, 6, 0, 16, 35, 1, -1]
[1, 1, 1, 1, 1, 1, 0, -1, -1, -1, 1, 1, 0, -1, 0, 1, -1, -1, 1, -1, -1, -1, 1, -1, -1, -1, 1, 0, 1, 0.03, 7, 0, 0, 0, 0, 6, 1, 21.0, 2, 0, 16, 29, 0, -1]
[1, 1, 1, 1, 1, -1, 0, 1, -1, -1, 1, 1, 0, -1, 0, 1, -1, -1, 1, -1, -1, -1, 1, -1, -1, -1, 1, 0, 1, 0.03, 9, 0, 0, 0, 0, 6, 3, 19.0, 12, 0, 13, 39, 2, -1]
[1, 1, 1, 1, 1, 1, 0, -1, 1, -1, 1, 1, 0, -1, 0, 1, -1, -1, 1, -1, -1, -1, 1, 1, 1, -1, 1, 0, 1, 0.02, 7, 0, 0, 0, 0, 20, 3, 38.0, 2, 0, 33, 46, 0, -1]
[1, 1, 1, 1, 1, 1, 0, 1, 1, -1, 1, 1, 0, -1, 1, 1, -1, -1, 1, -1, -1, -1, 1, 1, 1, -1, 1, 1, 1, 0.33, 8, 0, 0, 0, 0, 7, 1, 9.333, 0, 0, 16, 40, 0, -1]
[1, 1, 1, 1, 1, 1, 1, -1, 1, -1, 1, 1, -1, -1, -1, -1, -1, -1, -1, -1, -1, -1, -1, 1, 1, -1, 1, -1, 1, 0.04, 6, 0, 0, 0, 0, 9, 1, 19.0, 1, 0, 13, 25, 0, -1]
[1, 1, 1, 1, 1, 1, 0, 1, 1, -1, 1, 1, 0, -1, 0, 1, -1, -1, 1, -1, -1, -1, 1, 1, 1, -1, 1, 0, 1, 0.04, 7, 0, 0, 0, 0, 7, 2, 20.0, 2, 0, 14, 28, 0, -1]
[1, 1, 1, 1, 1, -1, 0, -1, -1, -1, 1, 1, -1, -1, -1, -1, -1, -1, -1, -1, -1, -1, -1, -1, -1, -1, 1, -1, 1, 0.14, 12, 0, 0, 0, 0, 11, 1, 37.0, 2, 0, 27, 50, 4, -1]
[1, -1, 1, 1, 1, -1, 0, -1, 1, -1, 1, 1, -1, -1, 0, 0, -1, -1, 1, -1, -1, -1, 1, -1, -1, -1, 1, -1, 1, 0.05, 9, 0, 0, 1, 1, 22, 1, 253.0, 0, 0, 19, 300, 1, -1]
[1, 1, 1, 1, 1, -1, 1, 1, 1, -1, 1, 1, 0, -1, 0, 1, -1, -1, 0, -1, -1, -1, 1, 1, 1, -1, 1, 1, 1, 0.39, 8, 0, 0, 0, 0, 18, 3, 42.0, 0, 0, 18, 49, 2, -1]
[1, 1, 1, 1, 1, -1, 0, 1, -1, 1, 1, 1, -1, -1, 0, 1, -1, -1, 1, -1, -1, -1, 1, -1, -1, -1, 1, -1, 1, 0.21, 14, 0, 0, 0, 0, 8, 1, 36.0, 4, 0, 22, 53, 6, -1]
[1, 1, 1, 1, 1, -1, 0, 1, -1, -1, 1, 1, 0, -1, 0, 1, -1, -1, 1, -1, -1, -1, 1, -1, -1, -1, 1, 0, 1, 0.03, 8, 0, 0, 0, 0, 6, 2, 18.0, 6, 0, 12, 31, 1, -1]
[1, 1, 1, 1, 1, 1, 1, -1, -1, -1, 1, 1, -1, -1, -1, -1, -1, -1, -1, -1, -1, -1, -1, -1, -1, -1, 1, -1, 1, 0.07, 6, 0, 0, 0, 0, 12, 1, 10.5, 0, 0, 15, 27, 0, -1]
[1, 0, 1, 1, 1, -1, 0, 1, 1, -1, 1, 1, -1, -1, 0, 1, -1, -1, 1, -1, -1, -1, 1, 1, 1, -1, 1, 0, 1, 0.01, 8, 0, 0, 0, 0, 16, 1, 52.0, 14, 0, 46, 73, 1, -1]
[1, 1, 1, 1, 1, -1, 0, -1, 1, -1, 1, 1, 0, -1, 0, 1, -1, -1, 1, -1, -1, -1, 1, 1, 1, -1, 1, 0, 1, 0.03, 8, 0, 0, 0, 0, 10, 3, 22.0, 6, 0, 17, 35, 1, -1]
[1, 1, 1, 1, 1, 1, 0, 1, 1, 1, 1, 1, -1, -1, 0, 1, -1, -1, 1, -1, -1, -1, 1, 1, 1, -1, 1, -1, 1, 0.32, 8, 0, 0, 0, 0, 8, 3, 30.0, 0, 0, 14, 37, 0, -1]
[1, 1, 1, 1, 1, 1, 1, 1, 1, -1, 1, 1, -1, -1, -1, 1, -1, -1, 1, -1, -1, -1, 1, 1, 1, -1, 1, 0, 1, 0.29, 6, 0, 0, 0, 0, 6, 1, 18.0, 1, 0, 6, 24, 0, -1]
[1, 0, 1, 1, 1, 1, 0, 1, 1, 1, 1, 1, 0, -1, -1, 1, -1, -1, 1, -1, -1, -1, 1, 1, 1, -1, 1, 1, 1, 0.6, 11, 0, 0, 0, 0, 6, 1, 29.0, 0, 0, 14, 62, 0, -1]